episode,query,reward,mrc,mrt,geqo_mrc,costs,DP_costs,geqo_costs,ex_time,pg_ex_time,geqo_ex_time
0,10b_ci_mc_rt_t.sql,0.0,240954.3076923077,1.0,1.0,3132406,13.0,13,-1,-1,-1
0,14b_k_mi_mi_idx_mk.sql,1.6666666666666665,1.0,1.0,1.0,44130,44130.0,44130,-1,-1,-1
0,14b_kt_mi_idx_mk_t.sql,0.23015873015873023,9.392857142857142,1.0,1.4047619047619047,789,84.0,118,-1,-1,-1
0,15a_at_cn_mc_mi.sql,0.7629911280101394,167.39163498098858,1.0,169.49049429657794,44024,263.0,44576,-1,-1,-1
0,15b_at_cn_mc_t.sql,1.4380664652567976,1.6858006042296072,1.0,1.0,558,331.0,331,-1,-1,-1
0,15d_at_cn_ct_mc.sql,1.3926088694673036,1.8221733915980893,1.0,1.0,4390873,2409690.0,2409690,-1,-1,-1
0,16a_ci_cn_mc_n.sql,1.2654408058046873,2.2036775825859376,1.0,1.0,144852699,65732256.0,65732256,-1,-1,-1
0,19b_ci_cn_mc_n.sql,-0.04394426580921751,330.09003215434086,1.0,1.0,205316,622.0,622,-1,-1,-1
0,19d_an_ci_mi_n.sql,1.0752056408691202,2.7743830773926392,1.0,1.0117593398233393,19488776,7024544.0,7107148,-1,-1,-1
0,19d_ci_it_mi_n.sql,0.7765116576906309,3.6704650269281074,1.0,1.4332090566260012,13708985,3734945.0,5352957,-1,-1,-1
0,20c_cc_cct2_mk_t.sql,0.63147090466578,4.714883920295722,1.0,1.1765173524228913,2573940,545918.0,642282,-1,-1,-1
0,22a_ct_it2_mc_mi_idx.sql,1.3350860037151673,1.9947419888544975,1.0,1.0,1185158,594141.0,594141,-1,-1,-1
0,22a_it1_mi_mk_t.sql,1.228417608629407,2.3147471741117798,1.0,1.582567938183825,1673671,723047.0,1144271,-1,-1,-1
0,22b_cn_ct_mc_mi_idx.sql,1.6666666666666665,1.0,1.0,1.2191503920678948,954299,954299.0,1163434,-1,-1,-1
0,22b_k_mc_mi_idx_mk.sql,1.6666666666666667,1.0,1.0,1.0029954238228134,337181,337181.0,338191,-1,-1,-1
0,22d_cn_ct_mc_mi_idx.sql,1.3957871127423411,1.8126386617729764,1.0,1.0,8650644,4772404.0,4772404,-1,-1,-1
0,22d_ct_mc_mk_t.sql,1.6053991022216014,1.1838026933351955,1.0,1.7923369529984199,14188305,11985363.0,21481809,-1,-1,-1
0,24a_an_ci_mc_rt.sql,1.4189268521093896,1.7432194436718313,1.0,1.0,2983283,1711364.0,1711364,-1,-1,-1
0,24a_chn_ci_mc_rt.sql,1.590725443269256,1.2278236701922334,1.0,1.0,1176896,958522.0,958522,-1,-1,-1
0,24a_ci_it_mc_mi.sql,0.9677467532008455,3.0967597403974634,1.0,1.2219824386519331,2336146,754384.0,921844,-1,-1,-1
0,24a_ci_it_mi_mk.sql,0.9157192169889079,3.2528423490332763,1.0,1.081850267677649,6655091,2045931.0,2213391,-1,-1,-1
0,24a_ci_it_mi_n.sql,1.6666666666666665,1.0,1.0,50.773521192361436,8588,8588.0,436043,-1,-1,-1
0,24a_mc_mi_mk_t.sql,-0.22204904077310011,9.621173769393025,1.0,1.0214157034029785,56327056,5854489.0,5979867,-1,-1,-1
0,25b_it2_k_mi_idx_mk.sql,0.35902215059593745,14.957966834352503,1.0,1.0,3972477,265576.0,265576,-1,-1,-1
0,26a_cc_cct2_it2_mi_idx.sql,1.4167840171814015,1.7496479484557959,1.0,1.7496479484557959,181400,103678.0,181400,-1,-1,-1
0,26b_ci_it2_mi_idx_n.sql,1.6666666666666665,1.0,1.0,1.0,1472411,1472411.0,1472411,-1,-1,-1
0,27a_cc_cct2_ct_mc.sql,1.6666666666666667,1.0,1.0,1.0,349140,349140.0,349140,-1,-1,-1
0,27b_cc_ct_mc_mk.sql,1.3647281172030925,1.9058156483907227,1.0,1.3059464760084802,6444609,3381549.0,4416122,-1,-1,-1
0,27b_cc_lt_mk_ml.sql,0.6807011795543905,356.68643512450853,1.0,1.0,2177214,6104.0,6104,-1,-1,-1
0,27c_cc_cct1_mc_mk.sql,1.6577241033957841,1.0268276898126476,1.0,1.0,2809915,2736501.0,2736501,-1,-1,-1
0,27c_cc_cct2_ml_t.sql,1.6666666666666665,1.0,1.0,17.83597921264327,14047,14047.0,250542,-1,-1,-1
0,28c_cc_cct1_cct2_mc.sql,1.666666666666667,1.0,1.0,1.0,195143,195143.0,195143,-1,-1,-1
0,28c_cc_cct2_mc_mi_idx.sql,0.930109821879002,3.2096705343629943,1.0,1.022009152320767,1075230,334997.0,342370,-1,-1,-1
0,28c_cc_cct2_mi_mk.sql,0.8839498264354781,3.3481505206935656,1.0,1.0077361011319927,4641300,1386228.0,1396952,-1,-1,-1
0,29a_an_chn_ci_n.sql,1.6666666666666667,1.0,1.0,1.0,96.0,96.0,96,-1,-1,-1
0,29a_cc_ci_k_mk.sql,0.7164861612515042,784.7375451263538,1.0,2.545487364620939,2173723,2770.0,7051,-1,-1,-1
0,29b_an_ci_k_mk.sql,-0.213282151638316,838.4646244166792,1.0,1.0,11139841,13286.0,13286,-1,-1,-1
0,29b_cc_cct1_ci_mk.sql,1.6666666666666667,1.0,1.0,1.0156808277307314,1187246,1187246.0,1205863,-1,-1,-1
0,30b_it2_k_mi_idx_mk.sql,1.397437750423562,1.8076867487293138,1.0,1.0,600340,332104.0,332104,-1,-1,-1
0,30c_cc_cct1_cct2_ci.sql,0.7179843882834841,3.846046835149548,1.0,2.2306012829430406,199056,51756.0,115447,-1,-1,-1
0,30c_cc_cct2_ci_t.sql,0.9507958179139869,3.147612546258039,1.0,1.1626666187619012,175215,55666.0,64721,-1,-1,-1
0,31b_ci_mc_mk_t.sql,1.3982016698779705,1.8053949903660886,1.0,2.050371593724195,6559,3633.0,7449,-1,-1,-1
0,31c_cn_it1_mc_mi.sql,-0.09903277031904145,186.97726288436553,1.0,1.0,863461,4618.0,4618,-1,-1,-1
0,33b_cn2_mc1_mc2_ml.sql,1.6666666666666665,1.0,1.0,1.0,1620450,1620450.0,1620450,-1,-1,-1
0,5b_it_mc_mi_t.sql,1.0,82354.0,1.0,3536.0,82354,1,3536,-1,-1,-1
0,7c_ci_lt_ml_t.sql,1.2805932478806998,2.1582202563579003,1.0,1.0014134069471736,2441614,1131309.0,1132908,-1,-1,-1
0,8c_ci_cn_mc_rt.sql,-0.11222300068729296,19.567114423602423,1.0,1.563271869899865,114534128,5853399.0,9150454,-1,-1,-1
0,9a_ci_cn_mc_rt.sql,1.4870275155168928,1.5389174534493215,1.0,1.0,680023,441884.0,441884,-1,-1,-1
0,9a_ci_n_rt_t.sql,0.8493975903614459,269.87123493975906,1.0,1.3215361445783131,358389,1328.0,1755,-1,-1,-1
0,9b_ci_cn_mc_n.sql,0.7132904608788853,285.53054662379424,1.0,1.0,177600,622.0,622,-1,-1,-1
500,10b_ci_mc_rt_t.sql,0.23076923076923084,211021.92307692306,1.0,1.0,2743285,13.0,13,-1,-1,-1
500,14b_k_mi_mi_idx_mk.sql,1.6261046906866077,1.1216859279401767,1.0,1.0,49500,44130.0,44130,-1,-1,-1
500,14b_kt_mi_idx_mk_t.sql,-0.015873015873015817,34862.95238095238,1.0,1.4047619047619047,2928488,84.0,118,-1,-1,-1
500,15a_at_cn_mc_mi.sql,0.0633713561470216,169.49049429657794,1.0,169.49049429657794,44576,263.0,44576,-1,-1,-1
500,15b_at_cn_mc_t.sql,0.6938569989929507,137.33232628398792,1.0,1.0,45457,331.0,331,-1,-1,-1
500,15d_at_cn_ct_mc.sql,1.5939253596935705,1.2182239209192884,1.0,1.0,2935542,2409690.0,2409690,-1,-1,-1
500,16a_ci_cn_mc_n.sql,1.2453841129891132,2.2638476610326594,1.0,1.0,148807814,65732256.0,65732256,-1,-1,-1
500,19b_ci_cn_mc_n.sql,0.9094319399785638,172.35369774919613,1.0,1.0,107204,622.0,622,-1,-1,-1
500,19d_an_ci_mi_n.sql,1.54850041986118,1.3544987404164597,1.0,1.0117593398233393,9514736,7024544.0,7107148,-1,-1,-1
500,19d_ci_it_mi_n.sql,0.7765116576906309,3.6704650269281074,1.0,1.4332090566260012,13708985,3734945.0,5352957,-1,-1,-1
500,20c_cc_cct2_mk_t.sql,1.404263399753565,1.7872098007393051,1.0,1.1765173524228913,975670,545918.0,642282,-1,-1,-1
500,22a_ct_it2_mc_mi_idx.sql,1.3350860037151673,1.9947419888544975,1.0,1.0,1185158,594141.0,594141,-1,-1,-1
500,22a_it1_mi_mk_t.sql,0.5437691694546367,5.223071252629497,1.0,1.582567938183825,3776526,723047.0,1144271,-1,-1,-1
500,22b_cn_ct_mc_mi_idx.sql,1.5508511134001677,1.3474466597994967,1.0,1.2191503920678948,1285867,954299.0,1163434,-1,-1,-1
500,22b_k_mc_mi_idx_mk.sql,-0.21262368480628108,95.02318932561444,1.0,1.0029954238228134,32040014,337181.0,338191,-1,-1,-1
500,22d_cn_ct_mc_mi_idx.sql,1.3957871127423411,1.8126386617729764,1.0,1.0,8650644,4772404.0,4772404,-1,-1,-1
500,22d_ct_mc_mk_t.sql,1.390777428546247,1.8276677143612587,1.0,1.7923369529984199,21905261,11985363.0,21481809,-1,-1,-1
500,24a_an_ci_mc_rt.sql,1.4189268521093896,1.7432194436718313,1.0,1.0,2983283,1711364.0,1711364,-1,-1,-1
500,24a_chn_ci_mc_rt.sql,1.666666666666667,1.0,1.0,1.0,958522,958522.0,958522,-1,-1,-1
500,24a_ci_it_mc_mi.sql,0.9677467532008455,3.0967597403974634,1.0,1.2219824386519331,2336146,754384.0,921844,-1,-1,-1
500,24a_ci_it_mi_mk.sql,0.9157192169889079,3.2528423490332763,1.0,1.081850267677649,6655091,2045931.0,2213391,-1,-1,-1
500,24a_ci_it_mi_n.sql,0.9210526315789473,15.814741499767116,1.0,50.773521192361436,135817,8588.0,436043,-1,-1,-1
500,24a_mc_mi_mk_t.sql,1.5557090749793308,1.332872775062008,1.0,1.0214157034029785,7803289,5854489.0,5979867,-1,-1,-1
500,25b_it2_k_mi_idx_mk.sql,1.2810833810284064,2.1567498569147814,1.0,1.0,572781,265576.0,265576,-1,-1,-1
500,26a_cc_cct2_it2_mi_idx.sql,1.666666666666667,1.0,1.0,1.7496479484557959,103678,103678.0,181400,-1,-1,-1
500,26b_ci_it2_mi_idx_n.sql,0.412243592312201,26.37891254547813,1.0,1.0,38840601,1472411.0,1472411,-1,-1,-1
500,27a_cc_cct2_ct_mc.sql,1.6200177579194592,1.1399467262416223,1.0,1.0,398001,349140.0,349140,-1,-1,-1
500,27b_cc_ct_mc_mk.sql,1.133219223892167,2.600342328323499,1.0,1.3059464760084802,8793185,3381549.0,4416122,-1,-1,-1
500,27b_cc_lt_mk_ml.sql,0.5423219746614242,18.05324377457405,1.0,1.0,110197,6104.0,6104,-1,-1,-1
500,27c_cc_cct1_mc_mk.sql,1.6666666666666667,1.0,1.0,1.0,2736501,2736501.0,2736501,-1,-1,-1
500,27c_cc_cct2_ml_t.sql,-0.10913362283761652,17.83597921264327,1.0,17.83597921264327,250542,14047.0,250542,-1,-1,-1
500,28c_cc_cct1_cct2_mc.sql,1.656984877756312,1.029045366731064,1.0,1.0,200811,195143.0,195143,-1,-1,-1
500,28c_cc_cct2_mc_mi_idx.sql,1.436772070595657,1.6896837882130287,1.0,1.022009152320767,566039,334997.0,342370,-1,-1,-1
500,28c_cc_cct2_mi_mk.sql,1.6666666666666667,1.0,1.0,1.0077361011319927,1386228,1386228.0,1396952,-1,-1,-1
500,29a_an_chn_ci_n.sql,-0.04861111111111105,195.17708333333334,1.0,1.0,18737,96.0,96,-1,-1,-1
500,29a_cc_ci_k_mk.sql,-0.2726835138387485,1317.2971119133574,1.0,2.545487364620939,3648913,2770.0,7051,-1,-1,-1
500,29b_an_ci_k_mk.sql,1.6666666666666667,1.0,1.0,1.0,13286,13286.0,13286,-1,-1,-1
500,29b_cc_cct1_ci_mk.sql,0.6841831150971801,3.94745065470846,1.0,1.0156808277307314,4686595,1187246.0,1205863,-1,-1,-1
500,30b_it2_k_mi_idx_mk.sql,0.4744357189314191,12.000511887842363,1.0,1.0,3985418,332104.0,332104,-1,-1,-1
500,30c_cc_cct1_cct2_ci.sql,1.2564662390189865,2.2306012829430406,1.0,2.2306012829430406,115447,51756.0,115447,-1,-1,-1
500,30c_cc_cct2_ci_t.sql,0.9507958179139869,3.147612546258039,1.0,1.1626666187619012,175215,55666.0,64721,-1,-1,-1
500,31b_ci_mc_mk_t.sql,0.4566473988439307,722.5824387558491,1.0,2.050371593724195,2625142,3633.0,7449,-1,-1,-1
500,31c_cn_it1_mc_mi.sql,0.7700303161541793,41.09571242962321,1.0,1.0,189780,4618.0,4618,-1,-1,-1
500,33b_cn2_mc1_mc2_ml.sql,1.6666666666666665,1.0,1.0,1.0,1620450,1620450.0,1620450,-1,-1,-1
500,5b_it_mc_mi_t.sql,1.0,552777.0,1.0,3536.0,552777,1,3536,-1,-1,-1
500,7c_ci_lt_ml_t.sql,0.742684212123596,3.771947363629212,1.0,1.0014134069471736,4267238,1131309.0,1132908,-1,-1,-1
500,8c_ci_cn_mc_rt.sql,0.8220716999928872,6.050106100745908,1.0,1.563271869899865,35413685,5853399.0,9150454,-1,-1,-1
500,9a_ci_cn_mc_rt.sql,1.6666666666666665,1.0,1.0,1.0,441884,441884.0,441884,-1,-1,-1
500,9a_ci_n_rt_t.sql,0.742218875502008,208.7296686746988,1.0,1.3215361445783131,277193,1328.0,1755,-1,-1,-1
500,9b_ci_cn_mc_n.sql,0.7132904608788853,285.53054662379424,1.0,1.0,177600,622.0,622,-1,-1,-1
1000,10b_ci_mc_rt_t.sql,1.6666666666666665,1.0,1.0,1.0,13,13.0,13,-1,-1,-1
1000,14b_k_mi_mi_idx_mk.sql,0.7736082785708891,92.70115567641061,1.0,1.0,4090902,44130.0,44130,-1,-1,-1
1000,14b_kt_mi_idx_mk_t.sql,1.6666666666666665,1.0,1.0,1.4047619047619047,84,84.0,118,-1,-1,-1
1000,15a_at_cn_mc_mi.sql,-0.08998732572877055,219.0380228136882,1.0,169.49049429657794,57607,263.0,44576,-1,-1,-1
1000,15b_at_cn_mc_t.sql,-0.02618328298086603,84.89123867069486,1.0,1.0,28099,331.0,331,-1,-1,-1
1000,15d_at_cn_ct_mc.sql,1.5570367972643784,1.3288896082068649,1.0,1.0,3202212,2409690.0,2409690,-1,-1,-1
1000,16a_ci_cn_mc_n.sql,1.6666666666666665,1.0,1.0,1.0,65732256,65732256.0,65732256,-1,-1,-1
1000,19b_ci_cn_mc_n.sql,-0.04394426580921751,442.6784565916399,1.0,1.0,275346,622.0,622,-1,-1,-1
1000,19d_an_ci_mi_n.sql,1.2041448289502257,2.3875655131493234,1.0,1.0117593398233393,16771559,7024544.0,7107148,-1,-1,-1
1000,19d_ci_it_mi_n.sql,0.8784870102951091,3.3645389691146725,1.0,1.4332090566260012,12566368,3734945.0,5352957,-1,-1,-1
1000,20c_cc_cct2_mk_t.sql,-0.28604662238651224,8.81305983682531,1.0,1.1765173524228913,4811208,545918.0,642282,-1,-1,-1
1000,22a_ct_it2_mc_mi_idx.sql,1.459524478757287,1.6214265637281386,1.0,1.0,963356,594141.0,594141,-1,-1,-1
1000,22a_it1_mi_mk_t.sql,1.2959913624794333,2.112025912561701,1.0,1.582567938183825,1527094,723047.0,1144271,-1,-1,-1
1000,22b_cn_ct_mc_mi_idx.sql,1.4733764435115897,1.5798706694652305,1.0,1.2191503920678948,1507669,954299.0,1163434,-1,-1,-1
1000,22b_k_mc_mi_idx_mk.sql,0.7023359362874341,28.45197979720091,1.0,1.0029954238228134,9593467,337181.0,338191,-1,-1,-1
1000,22d_cn_ct_mc_mi_idx.sql,1.6149389978998703,1.1551830063003887,1.0,1.0,5513000,4772404.0,4772404,-1,-1,-1
1000,22d_ct_mc_mk_t.sql,1.390777428546247,1.8276677143612587,1.0,1.7923369529984199,21905261,11985363.0,21481809,-1,-1,-1
1000,24a_an_ci_mc_rt.sql,1.4189268521093896,1.7432194436718313,1.0,1.0,2983283,1711364.0,1711364,-1,-1,-1
1000,24a_chn_ci_mc_rt.sql,1.148405913827052,2.5547822585188444,1.0,1.0,2448815,958522.0,958522,-1,-1,-1
1000,24a_ci_it_mc_mi.sql,0.9677467532008455,3.0967597403974634,1.0,1.2219824386519331,2336146,754384.0,921844,-1,-1,-1
1000,24a_ci_it_mi_mk.sql,1.3987231240936278,1.8038306277191167,1.0,1.081850267677649,3690513,2045931.0,2213391,-1,-1,-1
1000,24a_ci_it_mi_n.sql,1.6666666666666665,1.0,1.0,50.773521192361436,8588,8588.0,436043,-1,-1,-1
1000,24a_mc_mi_mk_t.sql,-0.22204904077310011,9.621173769393025,1.0,1.0214157034029785,56327056,5854489.0,5979867,-1,-1,-1
1000,25b_it2_k_mi_idx_mk.sql,-0.06371057625689058,52.47905684248577,1.0,1.0,13937178,265576.0,265576,-1,-1,-1
1000,26a_cc_cct2_it2_mi_idx.sql,1.666666666666667,1.0,1.0,1.7496479484557959,103678,103678.0,181400,-1,-1,-1
1000,26b_ci_it2_mi_idx_n.sql,0.9893598549136984,3.0319204352589053,1.0,1.0,4464233,1472411.0,1472411,-1,-1,-1
1000,27a_cc_cct2_ct_mc.sql,1.6200177579194592,1.1399467262416223,1.0,1.0,398001,349140.0,349140,-1,-1,-1
1000,27b_cc_ct_mc_mk.sql,1.133219223892167,2.600342328323499,1.0,1.3059464760084802,8793185,3381549.0,4416122,-1,-1,-1
1000,27b_cc_lt_mk_ml.sql,-0.1508846657929227,50.66628440366973,1.0,1.0,309267,6104.0,6104,-1,-1,-1
1000,27c_cc_cct1_mc_mk.sql,1.6577241033957841,1.0268276898126476,1.0,1.0,2809915,2736501.0,2736501,-1,-1,-1
1000,27c_cc_cct2_ml_t.sql,1.1866116133931326,2.4401651598206024,1.0,17.83597921264327,34277,14047.0,250542,-1,-1,-1
1000,28c_cc_cct1_cct2_mc.sql,1.666666666666667,1.0,1.0,1.0,195143,195143.0,195143,-1,-1,-1
1000,28c_cc_cct2_mc_mi_idx.sql,1.344156315827704,1.9675310525168883,1.0,1.022009152320767,659117,334997.0,342370,-1,-1,-1
1000,28c_cc_cct2_mi_mk.sql,0.8839498264354781,3.3481505206935656,1.0,1.0077361011319927,4641300,1386228.0,1396952,-1,-1,-1
1000,29a_an_chn_ci_n.sql,0.6875000000000001,110.57291666666667,1.0,1.0,10615,96.0,96,-1,-1,-1
1000,29a_cc_ci_k_mk.sql,0.677496991576414,25.272202166064982,1.0,2.545487364620939,70004,2770.0,7051,-1,-1,-1
1000,29b_an_ci_k_mk.sql,0.6770535400672386,337.2610266445883,1.0,1.0,4480850,13286.0,13286,-1,-1,-1
1000,29b_cc_cct1_ci_mk.sql,0.2829733686194774,5.914392636403913,1.0,1.0156808277307314,7021839,1187246.0,1205863,-1,-1,-1
1000,30b_it2_k_mi_idx_mk.sql,0.4744357189314191,12.000511887842363,1.0,1.0,3985418,332104.0,332104,-1,-1,-1
1000,30c_cc_cct1_cct2_ci.sql,0.7179843882834841,3.846046835149548,1.0,2.2306012829430406,199056,51756.0,115447,-1,-1,-1
1000,30c_cc_cct2_ci_t.sql,0.5083713577408112,4.474885926777566,1.0,1.1626666187619012,249099,55666.0,64721,-1,-1,-1
1000,31b_ci_mc_mk_t.sql,0.4566473988439307,722.5824387558491,1.0,2.050371593724195,2625142,3633.0,7449,-1,-1,-1
1000,31c_cn_it1_mc_mi.sql,1.6666666666666665,1.0,1.0,1.0,4618.0,4618.0,4618,-1,-1,-1
1000,33b_cn2_mc1_mc2_ml.sql,1.242830078064735,2.271509765805795,1.0,1.0,3680868,1620450.0,1620450,-1,-1,-1
1000,5b_it_mc_mi_t.sql,0.0,3536.0,1.0,3536.0,3536,1,3536,-1,-1,-1
1000,7c_ci_lt_ml_t.sql,0.6703777070043051,22.151962903150245,1.0,1.0014134069471736,25060715,1131309.0,1132908,-1,-1,-1
1000,8c_ci_cn_mc_rt.sql,1.6666666666666667,1.0,1.0,1.563271869899865,5853399,5853399.0,9150454,-1,-1,-1
1000,9a_ci_cn_mc_rt.sql,1.4870275155168928,1.5389174534493215,1.0,1.0,680023,441884.0,441884,-1,-1,-1
1000,9a_ci_n_rt_t.sql,0.8493975903614459,269.87123493975906,1.0,1.3215361445783131,358389,1328.0,1755,-1,-1,-1
1000,9b_ci_cn_mc_n.sql,1.6666666666666665,1.0,1.0,1.0,622.0,622.0,622,-1,-1,-1
1500,10b_ci_mc_rt_t.sql,0.8974358974358975,3.3076923076923075,1.0,1.0,43,13.0,13,-1,-1,-1
1500,14b_k_mi_mi_idx_mk.sql,0.7582974544905206,5.291525039655563,1.0,1.0,233515,44130.0,44130,-1,-1,-1
1500,14b_kt_mi_idx_mk_t.sql,0.7023809523809523,4.476190476190476,1.0,1.4047619047619047,376,84.0,118,-1,-1,-1
1500,15a_at_cn_mc_mi.sql,1.6666666666666665,1.0,1.0,169.49049429657794,263,263.0,44576,-1,-1,-1
1500,15b_at_cn_mc_t.sql,-0.02618328298086603,157.9667673716012,1.0,1.0,52287,331.0,331,-1,-1,-1
1500,15d_at_cn_ct_mc.sql,1.5570367972643784,1.3288896082068649,1.0,1.0,3202212,2409690.0,2409690,-1,-1,-1
1500,16a_ci_cn_mc_n.sql,1.2453841129891132,2.2638476610326594,1.0,1.0,148807814,65732256.0,65732256,-1,-1,-1
1500,19b_ci_cn_mc_n.sql,0.9094319399785638,172.35369774919613,1.0,1.0,107204,622.0,622,-1,-1,-1
1500,19d_an_ci_mi_n.sql,1.2041448289502257,2.3875655131493234,1.0,1.0117593398233393,16771559,7024544.0,7107148,-1,-1,-1
1500,19d_ci_it_mi_n.sql,1.6666666666666667,1.0,1.0,1.4332090566260012,3734945,3734945.0,5352957,-1,-1,-1
1500,20c_cc_cct2_mk_t.sql,0.42790675522697547,5.693739719151961,1.0,1.1765173524228913,3108315,545918.0,642282,-1,-1,-1
1500,22a_ct_it2_mc_mi_idx.sql,1.5539235074951343,1.3382294775145966,1.0,1.0,795097,594141.0,594141,-1,-1,-1
1500,22a_it1_mi_mk_t.sql,1.228417608629407,2.3147471741117798,1.0,1.582567938183825,1673671,723047.0,1144271,-1,-1,-1
1500,22b_cn_ct_mc_mi_idx.sql,1.49697142439983,1.50908572680051,1.0,1.2191503920678948,1440119,954299.0,1163434,-1,-1,-1
1500,22b_k_mc_mi_idx_mk.sql,1.6666666666666667,1.0,1.0,1.0029954238228134,337181,337181.0,338191,-1,-1,-1
1500,22d_cn_ct_mc_mi_idx.sql,1.5782979954477172,1.2651060136568488,1.0,1.0,6037597,4772404.0,4772404,-1,-1,-1
1500,22d_ct_mc_mk_t.sql,1.390777428546247,1.8276677143612587,1.0,1.7923369529984199,21905261,11985363.0,21481809,-1,-1,-1
1500,24a_an_ci_mc_rt.sql,1.4189268521093896,1.7432194436718313,1.0,1.0,2983283,1711364.0,1711364,-1,-1,-1
1500,24a_chn_ci_mc_rt.sql,0.8245263715039057,3.526420885488283,1.0,1.0,3380152,958522.0,958522,-1,-1,-1
1500,24a_ci_it_mc_mi.sql,0.9677467532008455,3.0967597403974634,1.0,1.2219824386519331,2336146,754384.0,921844,-1,-1,-1
1500,24a_ci_it_mi_mk.sql,1.3987231240936278,1.8038306277191167,1.0,1.081850267677649,3690513,2045931.0,2213391,-1,-1,-1
1500,24a_ci_it_mi_n.sql,1.6666666666666665,1.0,1.0,50.773521192361436,8588,8588.0,436043,-1,-1,-1
1500,24a_mc_mi_mk_t.sql,0.7515744471179864,3.745276658646041,1.0,1.0214157034029785,21926681,5854489.0,5979867,-1,-1,-1
1500,25b_it2_k_mi_idx_mk.sql,-0.06371057625689058,52.47905684248577,1.0,1.0,13937178,265576.0,265576,-1,-1,-1
1500,26a_cc_cct2_it2_mi_idx.sql,1.3285299999356983,2.014410000192905,1.0,1.7496479484557959,208850,103678.0,181400,-1,-1,-1
1500,26b_ci_it2_mi_idx_n.sql,0.8315393369559632,25.121025311546845,1.0,1.0,36988474,1472411.0,1472411,-1,-1,-1
1500,27a_cc_cct2_ct_mc.sql,1.603124820988715,1.1906255370338545,1.0,1.0,415695,349140.0,349140,-1,-1,-1
1500,27b_cc_ct_mc_mk.sql,1.3647281172030925,1.9058156483907227,1.0,1.3059464760084802,6444609,3381549.0,4416122,-1,-1,-1
1500,27b_cc_lt_mk_ml.sql,0.6807011795543905,356.68643512450853,1.0,1.0,2177214,6104.0,6104,-1,-1,-1
1500,27c_cc_cct1_mc_mk.sql,0.4401039868065094,4.679688039580472,1.0,1.0,12805971,2736501.0,2736501,-1,-1,-1
1500,27c_cc_cct2_ml_t.sql,-0.10913362283761652,16.1111269310173,1.0,17.83597921264327,226313,14047.0,250542,-1,-1,-1
1500,28c_cc_cct1_cct2_mc.sql,1.648114459652665,1.055656621042005,1.0,1.0,206004,195143.0,195143,-1,-1,-1
1500,28c_cc_cct2_mc_mi_idx.sql,0.930109821879002,3.2096705343629943,1.0,1.022009152320767,1075230,334997.0,342370,-1,-1,-1
1500,28c_cc_cct2_mi_mk.sql,0.8839498264354781,3.3481505206935656,1.0,1.0077361011319927,4641300,1386228.0,1396952,-1,-1,-1
1500,29a_an_chn_ci_n.sql,0.6875000000000001,110.57291666666667,1.0,1.0,10615,96.0,96,-1,-1,-1
1500,29a_cc_ci_k_mk.sql,0.7164861612515042,784.7375451263538,1.0,2.545487364620939,2173723,2770.0,7051,-1,-1,-1
1500,29b_an_ci_k_mk.sql,0.776330974961112,133.96116212554568,1.0,1.0,1779808,13286.0,13286,-1,-1,-1
1500,29b_cc_cct1_ci_mk.sql,0.6733364441741645,3.979990667477507,1.0,1.0156808277307314,4725228,1187246.0,1205863,-1,-1,-1
1500,30b_it2_k_mi_idx_mk.sql,1.397437750423562,1.8076867487293138,1.0,1.0,600340,332104.0,332104,-1,-1,-1
1500,30c_cc_cct1_cct2_ci.sql,1.6515830692737716,1.0452507921786847,1.0,2.2306012829430406,54098,51756.0,115447,-1,-1,-1
1500,30c_cc_cct2_ci_t.sql,0.9507958179139869,3.147612546258039,1.0,1.1626666187619012,175215,55666.0,64721,-1,-1,-1
1500,31b_ci_mc_mk_t.sql,-0.32911276263877415,911.5119735755574,1.0,2.050371593724195,3311523,3633.0,7449,-1,-1,-1
1500,31c_cn_it1_mc_mi.sql,1.6666666666666665,1.0,1.0,1.0,4618,4618.0,4618,-1,-1,-1
1500,33b_cn2_mc1_mc2_ml.sql,1.242830078064735,2.271509765805795,1.0,1.0,3680868,1620450.0,1620450,-1,-1,-1
1500,5b_it_mc_mi_t.sql,1.0,82354.0,1.0,3536.0,82354,1,3536,-1,-1,-1
1500,7c_ci_lt_ml_t.sql,0.6703777070043051,22.151962903150245,1.0,1.0014134069471736,25060715,1131309.0,1132908,-1,-1,-1
1500,8c_ci_cn_mc_rt.sql,1.478909376700045,1.563271869899865,1.0,1.563271869899865,9150454,5853399.0,9150454,-1,-1,-1
1500,9a_ci_cn_mc_rt.sql,1.3226548143856758,2.032035556842972,1.0,1.0,897924,441884.0,441884,-1,-1,-1
1500,9a_ci_n_rt_t.sql,-0.07530120481927705,297.582078313253,1.0,1.3215361445783131,395189,1328.0,1755,-1,-1,-1
1500,9b_ci_cn_mc_n.sql,0.9094319399785638,172.35369774919613,1.0,1.0,107204,622.0,622,-1,-1,-1
2000,10b_ci_mc_rt_t.sql,1.0,20234.076923076922,1.0,1.0,263043,13.0,13,-1,-1,-1
2000,14b_k_mi_mi_idx_mk.sql,-0.09419895762519825,74.58697031497847,1.0,1.0,3291523,44130.0,44130,-1,-1,-1
2000,14b_kt_mi_idx_mk_t.sql,0.5674603174603174,34860.619047619046,1.0,1.4047619047619047,2928292,84.0,118,-1,-1,-1
2000,15a_at_cn_mc_mi.sql,0.7629911280101394,167.39163498098858,1.0,169.49049429657794,44024,263.0,44576,-1,-1,-1
2000,15b_at_cn_mc_t.sql,1.4380664652567976,1.6858006042296072,1.0,1.0,558,331.0,331,-1,-1,-1
2000,15d_at_cn_ct_mc.sql,1.5570367972643784,1.3288896082068649,1.0,1.0,3202212,2409690.0,2409690,-1,-1,-1
2000,16a_ci_cn_mc_n.sql,1.6666666666666665,1.0,1.0,1.0,65732256.0,65732256.0,65732256,-1,-1,-1
2000,19b_ci_cn_mc_n.sql,0.7132904608788853,285.53054662379424,1.0,1.0,177600,622.0,622,-1,-1,-1
2000,19d_an_ci_mi_n.sql,1.2041448289502257,2.3875655131493234,1.0,1.0117593398233393,16771559,7024544.0,7107148,-1,-1,-1
2000,19d_ci_it_mi_n.sql,1.6666666666666667,1.0,1.0,1.4332090566260012,3734945,3734945.0,5352957,-1,-1,-1
2000,20c_cc_cct2_mk_t.sql,0.63147090466578,4.714883920295722,1.0,1.1765173524228913,2573940,545918.0,642282,-1,-1,-1
2000,22a_ct_it2_mc_mi_idx.sql,1.459524478757287,1.6214265637281386,1.0,1.0,963356,594141.0,594141,-1,-1,-1
2000,22a_it1_mi_mk_t.sql,1.6666666666666667,1.0,1.0,1.582567938183825,723047,723047.0,1144271,-1,-1,-1
2000,22b_cn_ct_mc_mi_idx.sql,1.4733764435115897,1.5798706694652305,1.0,1.2191503920678948,1507669,954299.0,1163434,-1,-1,-1
2000,22b_k_mc_mi_idx_mk.sql,0.7023359362874341,28.45197979720091,1.0,1.0029954238228134,9593467,337181.0,338191,-1,-1,-1
2000,22d_cn_ct_mc_mi_idx.sql,1.3957871127423411,1.8126386617729764,1.0,1.0,8650644,4772404.0,4772404,-1,-1,-1
2000,22d_ct_mc_mk_t.sql,1.390777428546247,1.8276677143612587,1.0,1.7923369529984199,21905261,11985363.0,21481809,-1,-1,-1
2000,24a_an_ci_mc_rt.sql,1.4189268521093896,1.7432194436718313,1.0,1.0,2983283,1711364.0,1711364,-1,-1,-1
2000,24a_chn_ci_mc_rt.sql,1.590725443269256,1.2278236701922334,1.0,1.0,1176896,958522.0,958522,-1,-1,-1
2000,24a_ci_it_mc_mi.sql,1.3650894858144749,1.904731542556576,1.0,1.2219824386519331,1436899,754384.0,921844,-1,-1,-1
2000,24a_ci_it_mi_mk.sql,1.3987231240936278,1.8038306277191167,1.0,1.081850267677649,3690513,2045931.0,2213391,-1,-1,-1
2000,24a_ci_it_mi_n.sql,0.9210526315789473,15.814741499767116,1.0,50.773521192361436,135817,8588.0,436043,-1,-1,-1
2000,24a_mc_mi_mk_t.sql,-0.22204904077310011,9.621173769393025,1.0,1.0214157034029785,56327056,5854489.0,5979867,-1,-1,-1
2000,25b_it2_k_mi_idx_mk.sql,1.2810833810284064,2.1567498569147814,1.0,1.0,572781,265576.0,265576,-1,-1,-1
2000,26a_cc_cct2_it2_mi_idx.sql,1.6218612756161708,1.1344161731514883,1.0,1.7496479484557959,117614,103678.0,181400,-1,-1,-1
2000,26b_ci_it2_mi_idx_n.sql,0.8315393369559632,25.121025311546845,1.0,1.0,36988474,1472411.0,1472411,-1,-1,-1
2000,27a_cc_cct2_ct_mc.sql,1.6200177579194592,1.1399467262416223,1.0,1.0,398001,349140.0,349140,-1,-1,-1
2000,27b_cc_ct_mc_mk.sql,1.5646845079971734,1.3059464760084802,1.0,1.3059464760084802,4416122,3381549.0,4416122,-1,-1,-1
2000,27b_cc_lt_mk_ml.sql,0.5423219746614242,18.05324377457405,1.0,1.0,110197,6104.0,6104,-1,-1,-1
2000,27c_cc_cct1_mc_mk.sql,1.5046186108952029,1.4861441673143916,1.0,1.0,4066835,2736501.0,2736501,-1,-1,-1
2000,27c_cc_cct2_ml_t.sql,0.7758002895042833,10.289314444365345,1.0,17.83597921264327,144534,14047.0,250542,-1,-1,-1
2000,28c_cc_cct1_cct2_mc.sql,1.648114459652665,1.055656621042005,1.0,1.0,206004,195143.0,195143,-1,-1,-1
2000,28c_cc_cct2_mc_mi_idx.sql,0.930109821879002,3.2096705343629943,1.0,1.022009152320767,1075230,334997.0,342370,-1,-1,-1
2000,28c_cc_cct2_mi_mk.sql,0.8839498264354781,3.3481505206935656,1.0,1.0077361011319927,4641300,1386228.0,1396952,-1,-1,-1
2000,29a_an_chn_ci_n.sql,0.6875000000000001,110.57291666666667,1.0,1.0,10615,96.0,96,-1,-1,-1
2000,29a_cc_ci_k_mk.sql,-0.2726835138387485,2146.3985559566786,1.0,2.545487364620939,5945524,2770.0,7051,-1,-1,-1
2000,29b_an_ci_k_mk.sql,0.6770535400672386,337.2610266445883,1.0,1.0,4480850,13286.0,13286,-1,-1,-1
2000,29b_cc_cct1_ci_mk.sql,0.6841831150971801,3.94745065470846,1.0,1.0156808277307314,4686595,1187246.0,1205863,-1,-1,-1
2000,30b_it2_k_mi_idx_mk.sql,0.4744357189314191,12.000511887842363,1.0,1.0,3985418,332104.0,332104,-1,-1,-1
2000,30c_cc_cct1_cct2_ci.sql,1.2564662390189865,2.2306012829430406,1.0,2.2306012829430406,115447,51756.0,115447,-1,-1,-1
2000,30c_cc_cct2_ci_t.sql,0.3987592665780427,4.803722200265871,1.0,1.1626666187619012,267404,55666.0,64721,-1,-1,-1
2000,31b_ci_mc_mk_t.sql,-0.32911276263877415,400.3347096063859,1.0,2.050371593724195,1454416,3633.0,7449,-1,-1,-1
2000,31c_cn_it1_mc_mi.sql,1.6666666666666665,1.0,1.0,1.0,4618,4618.0,4618,-1,-1,-1
2000,33b_cn2_mc1_mc2_ml.sql,1.6666666666666665,1.0,1.0,1.0,1620450,1620450.0,1620450,-1,-1,-1
2000,5b_it_mc_mi_t.sql,1.0,552777.0,1.0,3536.0,552777,1,3536,-1,-1,-1
2000,7c_ci_lt_ml_t.sql,1.6666666666666665,1.0,1.0,1.0014134069471736,1131309,1131309.0,1132908,-1,-1,-1
2000,8c_ci_cn_mc_rt.sql,0.6343144100262657,14.811180990737176,1.0,1.563271869899865,86695752,5853399.0,9150454,-1,-1,-1
2000,9a_ci_cn_mc_rt.sql,1.4870275155168928,1.5389174534493215,1.0,1.0,680023,441884.0,441884,-1,-1,-1
2000,9a_ci_n_rt_t.sql,0.8493975903614459,269.87123493975906,1.0,1.3215361445783131,358389,1328.0,1755,-1,-1,-1
2000,9b_ci_cn_mc_n.sql,1.6666666666666665,1.0,1.0,1.0,622,622.0,622,-1,-1,-1
2500,10b_ci_mc_rt_t.sql,1.0,20234.076923076922,1.0,1.0,263043,13.0,13,-1,-1,-1
2500,14b_k_mi_mi_idx_mk.sql,0.7582974544905206,5.291525039655563,1.0,1.0,233515,44130.0,44130,-1,-1,-1
2500,14b_kt_mi_idx_mk_t.sql,-0.015873015873015817,34862.95238095238,1.0,1.4047619047619047,2928488,84.0,118,-1,-1,-1
2500,15a_at_cn_mc_mi.sql,0.7629911280101394,167.39163498098858,1.0,169.49049429657794,44024,263.0,44576,-1,-1,-1
2500,15b_at_cn_mc_t.sql,1.4380664652567976,1.6858006042296072,1.0,1.0,558,331.0,331,-1,-1,-1
2500,15d_at_cn_ct_mc.sql,1.6666666666666667,1.0,1.0,1.0,2409690,2409690.0,2409690,-1,-1,-1
2500,16a_ci_cn_mc_n.sql,1.2453841129891132,2.2638476610326594,1.0,1.0,148807814,65732256.0,65732256,-1,-1,-1
2500,19b_ci_cn_mc_n.sql,1.6666666666666665,1.0,1.0,1.0,622.0,622.0,622,-1,-1,-1
2500,19d_an_ci_mi_n.sql,1.5901199660314844,1.2296401019055472,1.0,1.0117593398233393,8637661,7024544.0,7107148,-1,-1,-1
2500,19d_ci_it_mi_n.sql,1.655420093200837,1.0337397203974892,1.0,1.4332090566260012,3860961,3734945.0,5352957,-1,-1,-1
2500,20c_cc_cct2_mk_t.sql,1.6666666666666665,1.0,1.0,1.1765173524228913,545918,545918.0,642282,-1,-1,-1
2500,22a_ct_it2_mc_mi_idx.sql,1.5722676379288194,1.283197086213542,1.0,1.0,762400,594141.0,594141,-1,-1,-1
2500,22a_it1_mi_mk_t.sql,1.2959913624794333,2.112025912561701,1.0,1.582567938183825,1527094,723047.0,1144271,-1,-1,-1
2500,22b_cn_ct_mc_mi_idx.sql,1.4733764435115897,1.5798706694652305,1.0,1.2191503920678948,1507669,954299.0,1163434,-1,-1,-1
2500,22b_k_mc_mi_idx_mk.sql,0.2682950700069102,69.02144545511165,1.0,1.0029954238228134,23272720,337181.0,338191,-1,-1,-1
2500,22d_cn_ct_mc_mi_idx.sql,1.6149389978998703,1.1551830063003887,1.0,1.0,5513000,4772404.0,4772404,-1,-1,-1
2500,22d_ct_mc_mk_t.sql,0.45601094156820005,4.6319671752954,1.0,1.7923369529984199,55515808,11985363.0,21481809,-1,-1,-1
2500,24a_an_ci_mc_rt.sql,1.6609240738187006,1.0172277785438983,1.0,1.0,1740847,1711364.0,1711364,-1,-1,-1
2500,24a_chn_ci_mc_rt.sql,1.666666666666667,1.0,1.0,1.0,958522,958522.0,958522,-1,-1,-1
2500,24a_ci_it_mc_mi.sql,0.9677467532008455,3.0967597403974634,1.0,1.2219824386519331,2336146,754384.0,921844,-1,-1,-1
2500,24a_ci_it_mi_mk.sql,1.3987231240936278,1.8038306277191167,1.0,1.081850267677649,3690513,2045931.0,2213391,-1,-1,-1
2500,24a_ci_it_mi_n.sql,-0.03947368421052633,31.274219841639496,1.0,50.773521192361436,268583,8588.0,436043,-1,-1,-1
2500,24a_mc_mi_mk_t.sql,1.5557090749793308,1.332872775062008,1.0,1.0214157034029785,7803289,5854489.0,5979867,-1,-1,-1
2500,25b_it2_k_mi_idx_mk.sql,0.35902215059593745,14.957966834352503,1.0,1.0,3972477,265576.0,265576,-1,-1,-1
2500,26a_cc_cct2_it2_mi_idx.sql,1.4167840171814015,1.7496479484557959,1.0,1.7496479484557959,181400,103678.0,181400,-1,-1,-1
2500,26b_ci_it2_mi_idx_n.sql,0.8315393369559632,25.121025311546845,1.0,1.0,36988474,1472411.0,1472411,-1,-1,-1
2500,27a_cc_cct2_ct_mc.sql,0.7552653185923508,4.153829409405969,1.0,1.0,1450268,349140.0,349140,-1,-1,-1
2500,27b_cc_ct_mc_mk.sql,0.9897594268188927,3.0307217195433216,1.0,1.3059464760084802,10248534,3381549.0,4416122,-1,-1,-1
2500,27b_cc_lt_mk_ml.sql,1.6666666666666665,1.0,1.0,1.0,6104.0,6104.0,6104,-1,-1,-1
2500,27c_cc_cct1_mc_mk.sql,1.5046186108952029,1.4861441673143916,1.0,1.0,4066835,2736501.0,2736501,-1,-1,-1
2500,27c_cc_cct2_ml_t.sql,0.29574523623074916,11.729479604185947,1.0,17.83597921264327,164764,14047.0,250542,-1,-1,-1
2500,28c_cc_cct1_cct2_mc.sql,1.6276388767894998,1.117083369631501,1.0,1.0,217991,195143.0,195143,-1,-1,-1
2500,28c_cc_cct2_mc_mi_idx.sql,1.1114955258305796,2.665513422508261,1.0,1.022009152320767,892939,334997.0,342370,-1,-1,-1
2500,28c_cc_cct2_mi_mk.sql,0.69566790840564,3.9129962747830804,1.0,1.0077361011319927,5424305,1386228.0,1396952,-1,-1,-1
2500,29a_an_chn_ci_n.sql,-0.04861111111111105,153.70833333333334,1.0,1.0,14756,96.0,96,-1,-1,-1
2500,29a_cc_ci_k_mk.sql,0.7164861612515042,784.7375451263538,1.0,2.545487364620939,2173723,2770.0,7051,-1,-1,-1
2500,29b_an_ci_k_mk.sql,0.776330974961112,133.96116212554568,1.0,1.0,1779808,13286.0,13286,-1,-1,-1
2500,29b_cc_cct1_ci_mk.sql,0.6733364441741645,3.979990667477507,1.0,1.0156808277307314,4725228,1187246.0,1205863,-1,-1,-1
2500,30b_it2_k_mi_idx_mk.sql,0.4744357189314191,12.000511887842363,1.0,1.0,3985418,332104.0,332104,-1,-1,-1
2500,30c_cc_cct1_cct2_ci.sql,1.0729255223226937,2.781223433031919,1.0,2.2306012829430406,143945,51756.0,115447,-1,-1,-1
2500,30c_cc_cct2_ci_t.sql,0.7597037090264553,23.081324327237454,1.0,1.1626666187619012,1284845,55666.0,64721,-1,-1,-1
2500,31b_ci_mc_mk_t.sql,1.6666666666666667,1.0,1.0,2.050371593724195,3633,3633.0,7449,-1,-1,-1
2500,31c_cn_it1_mc_mi.sql,0.797603580193446,158.6994369857081,1.0,1.0,732874,4618.0,4618,-1,-1,-1
2500,33b_cn2_mc1_mc2_ml.sql,1.5895454966213087,1.2313635101360734,1.0,1.0,1995363,1620450.0,1620450,-1,-1,-1
2500,5b_it_mc_mi_t.sql,1.0,552777.0,1.0,3536.0,552777,1,3536,-1,-1,-1
2500,7c_ci_lt_ml_t.sql,0.6811790589485278,3.9564628231544168,1.0,1.0014134069471736,4475982,1131309.0,1132908,-1,-1,-1
2500,8c_ci_cn_mc_rt.sql,1.6666666666666667,1.0,1.0,1.563271869899865,5853399.0,5853399.0,9150454,-1,-1,-1
2500,9a_ci_cn_mc_rt.sql,1.6666666666666665,1.0,1.0,1.0,441884,441884.0,441884,-1,-1,-1
2500,9a_ci_n_rt_t.sql,0.742218875502008,208.7296686746988,1.0,1.3215361445783131,277193,1328.0,1755,-1,-1,-1
2500,9b_ci_cn_mc_n.sql,1.6666666666666665,1.0,1.0,1.0,622,622.0,622,-1,-1,-1
3000,10b_ci_mc_rt_t.sql,1.6666666666666665,1.0,1.0,1.0,13,13.0,13,-1,-1,-1
3000,14b_k_mi_mi_idx_mk.sql,-0.09419895762519825,136.37412191253117,1.0,1.0,6018190,44130.0,44130,-1,-1,-1
3000,14b_kt_mi_idx_mk_t.sql,0.5674603174603174,34860.619047619046,1.0,1.4047619047619047,2928292,84.0,118,-1,-1,-1
3000,15a_at_cn_mc_mi.sql,0.7629911280101394,167.39163498098858,1.0,169.49049429657794,44024,263.0,44576,-1,-1,-1
3000,15b_at_cn_mc_t.sql,0.6938569989929507,137.33232628398792,1.0,1.0,45457,331.0,331,-1,-1,-1
3000,15d_at_cn_ct_mc.sql,1.2829790000650152,2.151062999804954,1.0,1.0,5183395,2409690.0,2409690,-1,-1,-1
3000,16a_ci_cn_mc_n.sql,1.6466099738510924,1.0601700784467218,1.0,1.0,69687371,65732256.0,65732256,-1,-1,-1
3000,19b_ci_cn_mc_n.sql,0.7132904608788853,285.53054662379424,1.0,1.0,177600,622.0,622,-1,-1,-1
3000,19d_an_ci_mi_n.sql,0.21332625529381935,5.895378262275814,1.0,1.0117593398233393,41412344,7024544.0,7107148,-1,-1,-1
3000,19d_ci_it_mi_n.sql,0.7765116576906309,3.6704650269281074,1.0,1.4332090566260012,13708985,3734945.0,5352957,-1,-1,-1
3000,20c_cc_cct2_mk_t.sql,1.6666666666666665,1.0,1.0,1.1765173524228913,545918.0,545918.0,642282,-1,-1,-1
3000,22a_ct_it2_mc_mi_idx.sql,1.5722676379288194,1.283197086213542,1.0,1.0,762400,594141.0,594141,-1,-1,-1
3000,22a_it1_mi_mk_t.sql,-0.18480356970800876,9.800430677397182,1.0,1.582567938183825,7086172,723047.0,1144271,-1,-1,-1
3000,22b_cn_ct_mc_mi_idx.sql,1.4733764435115897,1.5798706694652305,1.0,1.2191503920678948,1507669,954299.0,1163434,-1,-1,-1
3000,22b_k_mc_mi_idx_mk.sql,1.6666666666666667,1.0,1.0,1.0029954238228134,337181.0,337181.0,338191,-1,-1,-1
3000,22d_cn_ct_mc_mi_idx.sql,1.6149389978998703,1.1551830063003887,1.0,1.0,5513000,4772404.0,4772404,-1,-1,-1
3000,22d_ct_mc_mk_t.sql,-0.22642014819798673,6.67926044459396,1.0,1.7923369529984199,80053361,11985363.0,21481809,-1,-1,-1
3000,24a_an_ci_mc_rt.sql,1.6666666666666667,1.0,1.0,1.0,1711364,1711364.0,1711364,-1,-1,-1
3000,24a_chn_ci_mc_rt.sql,1.666666666666667,1.0,1.0,1.0,958522.0,958522.0,958522,-1,-1,-1
3000,24a_ci_it_mc_mi.sql,1.5926725204493557,1.2219824386519331,1.0,1.2219824386519331,921844,754384.0,921844,-1,-1,-1
3000,24a_ci_it_mi_mk.sql,1.6666666666666665,1.0,1.0,1.081850267677649,2045931,2045931.0,2213391,-1,-1,-1
3000,24a_ci_it_mi_n.sql,1.6666666666666665,1.0,1.0,50.773521192361436,8588,8588.0,436043,-1,-1,-1
3000,24a_mc_mi_mk_t.sql,1.6546237710356388,1.0361286868930832,1.0,1.0214157034029785,6066004,5854489.0,5979867,-1,-1,-1
3000,25b_it2_k_mi_idx_mk.sql,0.35902215059593745,14.957966834352503,1.0,1.0,3972477,265576.0,265576,-1,-1,-1
3000,26a_cc_cct2_it2_mi_idx.sql,1.666666666666667,1.0,1.0,1.7496479484557959,103678.0,103678.0,181400,-1,-1,-1
3000,26b_ci_it2_mi_idx_n.sql,1.2473709220229043,2.257887233931287,1.0,1.0,3324538,1472411.0,1472411,-1,-1,-1
3000,27a_cc_cct2_ct_mc.sql,0.7861851024421913,4.061070057856448,1.0,1.0,1417882,349140.0,349140,-1,-1,-1
3000,27b_cc_ct_mc_mk.sql,1.3647281172030925,1.9058156483907227,1.0,1.3059464760084802,6444609,3381549.0,4416122,-1,-1,-1
3000,27b_cc_lt_mk_ml.sql,1.6666666666666665,1.0,1.0,1.0,6104,6104.0,6104,-1,-1,-1
3000,27c_cc_cct1_mc_mk.sql,0.4401039868065094,4.679688039580472,1.0,1.0,12805971,2736501.0,2736501,-1,-1,-1
3000,27c_cc_cct2_ml_t.sql,1.6666666666666665,1.0,1.0,17.83597921264327,14047,14047.0,250542,-1,-1,-1
3000,28c_cc_cct1_cct2_mc.sql,1.6276388767894998,1.117083369631501,1.0,1.0,217991,195143.0,195143,-1,-1,-1
3000,28c_cc_cct2_mc_mi_idx.sql,1.1114955258305796,2.665513422508261,1.0,1.022009152320767,892939,334997.0,342370,-1,-1,-1
3000,28c_cc_cct2_mi_mk.sql,0.3858121944345856,4.842563416696243,1.0,1.0077361011319927,6712897,1386228.0,1396952,-1,-1,-1
3000,29a_an_chn_ci_n.sql,0.6875000000000001,110.57291666666667,1.0,1.0,10615,96.0,96,-1,-1,-1
3000,29a_cc_ci_k_mk.sql,0.7164861612515042,784.7375451263538,1.0,2.545487364620939,2173723,2770.0,7051,-1,-1,-1
3000,29b_an_ci_k_mk.sql,1.6666666666666667,1.0,1.0,1.0,13286.0,13286.0,13286,-1,-1,-1
3000,29b_cc_cct1_ci_mk.sql,0.6733364441741645,3.979990667477507,1.0,1.0156808277307314,4725228,1187246.0,1205863,-1,-1,-1
3000,30b_it2_k_mi_idx_mk.sql,-0.06393679891439619,42.00527244477634,1.0,1.0,13950119,332104.0,332104,-1,-1,-1
3000,30c_cc_cct1_cct2_ci.sql,0.9166087023726718,3.2501738928819845,1.0,2.2306012829430406,168216,51756.0,115447,-1,-1,-1
3000,30c_cc_cct2_ci_t.sql,1.6666666666666667,1.0,1.0,1.1626666187619012,55666,55666.0,64721,-1,-1,-1
3000,31b_ci_mc_mk_t.sql,0.6124415083952657,210.93779245802367,1.0,2.050371593724195,766337,3633.0,7449,-1,-1,-1
3000,31c_cn_it1_mc_mi.sql,0.7700303161541793,41.09571242962321,1.0,1.0,189780,4618.0,4618,-1,-1,-1
3000,33b_cn2_mc1_mc2_ml.sql,1.2016279428553795,2.395116171433861,1.0,1.0,3881166,1620450.0,1620450,-1,-1,-1
3000,5b_it_mc_mi_t.sql,1.0,552777.0,1.0,3536.0,552777,1,3536,-1,-1,-1
3000,7c_ci_lt_ml_t.sql,0.6703777070043051,22.151962903150245,1.0,1.0014134069471736,25060715,1131309.0,1132908,-1,-1,-1
3000,8c_ci_cn_mc_rt.sql,1.6666666666666667,1.0,1.0,1.563271869899865,5853399,5853399.0,9150454,-1,-1,-1
3000,9a_ci_cn_mc_rt.sql,1.6666666666666665,1.0,1.0,1.0,441884.0,441884.0,441884,-1,-1,-1
3000,9a_ci_n_rt_t.sql,-0.07530120481927705,359.0451807228916,1.0,1.3215361445783131,476812,1328.0,1755,-1,-1,-1
3000,9b_ci_cn_mc_n.sql,1.6666666666666665,1.0,1.0,1.0,622,622.0,622,-1,-1,-1
3500,10b_ci_mc_rt_t.sql,0.8974358974358975,3.3076923076923075,1.0,1.0,43,13.0,13,-1,-1,-1
3500,14b_k_mi_mi_idx_mk.sql,0.7582974544905206,5.291525039655563,1.0,1.0,233515,44130.0,44130,-1,-1,-1
3500,14b_kt_mi_idx_mk_t.sql,1.6666666666666665,1.0,1.0,1.4047619047619047,84,84.0,118,-1,-1,-1
3500,15a_at_cn_mc_mi.sql,0.7629911280101394,167.39163498098858,1.0,169.49049429657794,44024,263.0,44576,-1,-1,-1
3500,15b_at_cn_mc_t.sql,0.6938569989929507,137.33232628398792,1.0,1.0,45457,331.0,331,-1,-1,-1
3500,15d_at_cn_ct_mc.sql,1.5939253596935705,1.2182239209192884,1.0,1.0,2935542,2409690.0,2409690,-1,-1,-1
3500,16a_ci_cn_mc_n.sql,1.6466099738510924,1.0601700784467218,1.0,1.0,69687371,65732256.0,65732256,-1,-1,-1
3500,19b_ci_cn_mc_n.sql,0.7132904608788853,285.53054662379424,1.0,1.0,177600,622.0,622,-1,-1,-1
3500,19d_an_ci_mi_n.sql,1.6627468867255535,1.0117593398233393,1.0,1.0117593398233393,7107148,7024544.0,7107148,-1,-1,-1
3500,19d_ci_it_mi_n.sql,0.7765116576906309,3.6704650269281074,1.0,1.4332090566260012,13708985,3734945.0,5352957,-1,-1,-1
3500,20c_cc_cct2_mk_t.sql,1.6666666666666665,1.0,1.0,1.1765173524228913,545918,545918.0,642282,-1,-1,-1
3500,22a_ct_it2_mc_mi_idx.sql,1.5539235074951343,1.3382294775145966,1.0,1.0,795097,594141.0,594141,-1,-1,-1
3500,22a_it1_mi_mk_t.sql,0.5437691694546367,5.223071252629497,1.0,1.582567938183825,3776526,723047.0,1144271,-1,-1,-1
3500,22b_cn_ct_mc_mi_idx.sql,1.647496224977706,1.0575113250668815,1.0,1.2191503920678948,1009182,954299.0,1163434,-1,-1,-1
3500,22b_k_mc_mi_idx_mk.sql,1.6656681920590621,1.0029954238228134,1.0,1.0029954238228134,338191,337181.0,338191,-1,-1,-1
3500,22d_cn_ct_mc_mi_idx.sql,1.5782979954477172,1.2651060136568488,1.0,1.0,6037597,4772404.0,4772404,-1,-1,-1
3500,22d_ct_mc_mk_t.sql,1.4025543490005268,1.7923369529984199,1.0,1.7923369529984199,21481809,11985363.0,21481809,-1,-1,-1
3500,24a_an_ci_mc_rt.sql,1.6666666666666667,1.0,1.0,1.0,1711364.0,1711364.0,1711364,-1,-1,-1
3500,24a_chn_ci_mc_rt.sql,1.148405913827052,2.5547822585188444,1.0,1.0,2448815,958522.0,958522,-1,-1,-1
3500,24a_ci_it_mc_mi.sql,1.5926725204493557,1.2219824386519331,1.0,1.2219824386519331,921844,754384.0,921844,-1,-1,-1
3500,24a_ci_it_mi_mk.sql,1.264950447172135,2.205148658483595,1.0,1.081850267677649,4511582,2045931.0,2213391,-1,-1,-1
3500,24a_ci_it_mi_n.sql,1.6666666666666665,1.0,1.0,50.773521192361436,8588,8588.0,436043,-1,-1,-1
3500,24a_mc_mi_mk_t.sql,1.5557090749793308,1.332872775062008,1.0,1.0214157034029785,7803289,5854489.0,5979867,-1,-1,-1
3500,25b_it2_k_mi_idx_mk.sql,1.2810833810284064,2.1567498569147814,1.0,1.0,572781,265576.0,265576,-1,-1,-1
3500,26a_cc_cct2_it2_mi_idx.sql,1.6218612756161708,1.1344161731514883,1.0,1.7496479484557959,117614,103678.0,181400,-1,-1,-1
3500,26b_ci_it2_mi_idx_n.sql,1.6666666666666665,1.0,1.0,1.0,1472411,1472411.0,1472411,-1,-1,-1
3500,27a_cc_cct2_ct_mc.sql,1.603124820988715,1.1906255370338545,1.0,1.0,415695,349140.0,349140,-1,-1,-1
3500,27b_cc_ct_mc_mk.sql,1.5646845079971734,1.3059464760084802,1.0,1.3059464760084802,4416122,3381549.0,4416122,-1,-1,-1
3500,27b_cc_lt_mk_ml.sql,1.6666666666666665,1.0,1.0,1.0,6104,6104.0,6104,-1,-1,-1
3500,27c_cc_cct1_mc_mk.sql,0.4401039868065094,4.679688039580472,1.0,1.0,12805971,2736501.0,2736501,-1,-1,-1
3500,27c_cc_cct2_ml_t.sql,0.781732754324767,8.546664768277925,1.0,17.83597921264327,120055,14047.0,250542,-1,-1,-1
3500,28c_cc_cct1_cct2_mc.sql,1.656984877756312,1.029045366731064,1.0,1.0,200811,195143.0,195143,-1,-1,-1
3500,28c_cc_cct2_mc_mi_idx.sql,0.930109821879002,3.2096705343629943,1.0,1.022009152320767,1075230,334997.0,342370,-1,-1,-1
3500,28c_cc_cct2_mi_mk.sql,0.8839498264354781,3.3481505206935656,1.0,1.0077361011319927,4641300,1386228.0,1396952,-1,-1,-1
3500,29a_an_chn_ci_n.sql,0.6875000000000001,110.57291666666667,1.0,1.0,10615,96.0,96,-1,-1,-1
3500,29a_cc_ci_k_mk.sql,0.677496991576414,25.272202166064982,1.0,2.545487364620939,70004,2770.0,7051,-1,-1,-1
3500,29b_an_ci_k_mk.sql,1.6666666666666667,1.0,1.0,1.0,13286.0,13286.0,13286,-1,-1,-1
3500,29b_cc_cct1_ci_mk.sql,1.6666666666666667,1.0,1.0,1.0156808277307314,1187246,1187246.0,1205863,-1,-1,-1
3500,30b_it2_k_mi_idx_mk.sql,1.397437750423562,1.8076867487293138,1.0,1.0,600340,332104.0,332104,-1,-1,-1
3500,30c_cc_cct1_cct2_ci.sql,0.7179843882834841,3.846046835149548,1.0,2.2306012829430406,199056,51756.0,115447,-1,-1,-1
3500,30c_cc_cct2_ci_t.sql,0.9507958179139869,3.147612546258039,1.0,1.1626666187619012,175215,55666.0,64721,-1,-1,-1
3500,31b_ci_mc_mk_t.sql,-0.32911276263877415,911.5119735755574,1.0,2.050371593724195,3311523,3633.0,7449,-1,-1,-1
3500,31c_cn_it1_mc_mi.sql,0.7700303161541793,41.09571242962321,1.0,1.0,189780,4618.0,4618,-1,-1,-1
3500,33b_cn2_mc1_mc2_ml.sql,1.2016279428553795,2.395116171433861,1.0,1.0,3881166,1620450.0,1620450,-1,-1,-1
3500,5b_it_mc_mi_t.sql,1.0,552777.0,1.0,3536.0,552777,1,3536,-1,-1,-1
3500,7c_ci_lt_ml_t.sql,0.6703777070043051,22.151962903150245,1.0,1.0014134069471736,25060715,1131309.0,1132908,-1,-1,-1
3500,8c_ci_cn_mc_rt.sql,1.6666666666666667,1.0,1.0,1.563271869899865,5853399.0,5853399.0,9150454,-1,-1,-1
3500,9a_ci_cn_mc_rt.sql,1.6666666666666665,1.0,1.0,1.0,441884,441884.0,441884,-1,-1,-1
3500,9a_ci_n_rt_t.sql,0.8493975903614459,269.87123493975906,1.0,1.3215361445783131,358389,1328.0,1755,-1,-1,-1
3500,9b_ci_cn_mc_n.sql,-0.04394426580921751,330.09003215434086,1.0,1.0,205316,622.0,622,-1,-1,-1
4000,10b_ci_mc_rt_t.sql,1.0,20234.076923076922,1.0,1.0,263043,13.0,13,-1,-1,-1
4000,14b_k_mi_mi_idx_mk.sql,1.6261046906866077,1.1216859279401767,1.0,1.0,49500,44130.0,44130,-1,-1,-1
4000,14b_kt_mi_idx_mk_t.sql,0.5674603174603174,34860.619047619046,1.0,1.4047619047619047,2928292,84.0,118,-1,-1,-1
4000,15a_at_cn_mc_mi.sql,0.8136882129277567,80.27376425855513,1.0,169.49049429657794,21112,263.0,44576,-1,-1,-1
4000,15b_at_cn_mc_t.sql,0.94662638469285,63.49848942598187,1.0,1.0,21018,331.0,331,-1,-1,-1
4000,15d_at_cn_ct_mc.sql,1.374665620888994,1.876003137333018,1.0,1.0,4520586,2409690.0,2409690,-1,-1,-1
4000,16a_ci_cn_mc_n.sql,1.6666666666666665,1.0,1.0,1.0,65732256,65732256.0,65732256,-1,-1,-1
4000,19b_ci_cn_mc_n.sql,1.6666666666666665,1.0,1.0,1.0,622,622.0,622,-1,-1,-1
4000,19d_an_ci_mi_n.sql,1.6627468867255535,1.0117593398233393,1.0,1.0117593398233393,7107148,7024544.0,7107148,-1,-1,-1
4000,19d_ci_it_mi_n.sql,0.7765116576906309,3.6704650269281074,1.0,1.4332090566260012,13708985,3734945.0,5352957,-1,-1,-1
4000,20c_cc_cct2_mk_t.sql,0.63147090466578,4.714883920295722,1.0,1.1765173524228913,2573940,545918.0,642282,-1,-1,-1
4000,22a_ct_it2_mc_mi_idx.sql,1.6666666666666667,1.0,1.0,1.0,594141.0,594141.0,594141,-1,-1,-1
4000,22a_it1_mi_mk_t.sql,1.228417608629407,2.3147471741117798,1.0,1.582567938183825,1673671,723047.0,1144271,-1,-1,-1
4000,22b_cn_ct_mc_mi_idx.sql,1.647496224977706,1.0575113250668815,1.0,1.2191503920678948,1009182,954299.0,1163434,-1,-1,-1
4000,22b_k_mc_mi_idx_mk.sql,-0.21262368480628108,93.6318653779424,1.0,1.0029954238228134,31570886,337181.0,338191,-1,-1,-1
4000,22d_cn_ct_mc_mi_idx.sql,1.5782979954477172,1.2651060136568488,1.0,1.0,6037597,4772404.0,4772404,-1,-1,-1
4000,22d_ct_mc_mk_t.sql,1.6666666666666667,1.0,1.0,1.7923369529984199,11985363,11985363.0,21481809,-1,-1,-1
4000,24a_an_ci_mc_rt.sql,1.6609240738187006,1.0172277785438983,1.0,1.0,1740847,1711364.0,1711364,-1,-1,-1
4000,24a_chn_ci_mc_rt.sql,0.8245263715039057,3.526420885488283,1.0,1.0,3380152,958522.0,958522,-1,-1,-1
4000,24a_ci_it_mc_mi.sql,0.9677467532008455,3.0967597403974634,1.0,1.2219824386519331,2336146,754384.0,921844,-1,-1,-1
4000,24a_ci_it_mi_mk.sql,1.6666666666666665,1.0,1.0,1.081850267677649,2045931,2045931.0,2213391,-1,-1,-1
4000,24a_ci_it_mi_n.sql,1.6666666666666665,1.0,1.0,50.773521192361436,8588,8588.0,436043,-1,-1,-1
4000,24a_mc_mi_mk_t.sql,1.5557090749793308,1.332872775062008,1.0,1.0214157034029785,7803289,5854489.0,5979867,-1,-1,-1
4000,25b_it2_k_mi_idx_mk.sql,1.2810833810284064,2.1567498569147814,1.0,1.0,572781,265576.0,265576,-1,-1,-1
4000,26a_cc_cct2_it2_mi_idx.sql,1.6218612756161708,1.1344161731514883,1.0,1.7496479484557959,117614,103678.0,181400,-1,-1,-1
4000,26b_ci_it2_mi_idx_n.sql,0.8315393369559632,25.121025311546845,1.0,1.0,36988474,1472411.0,1472411,-1,-1,-1
4000,27a_cc_cct2_ct_mc.sql,0.7552653185923508,4.153829409405969,1.0,1.0,1450268,349140.0,349140,-1,-1,-1
4000,27b_cc_ct_mc_mk.sql,1.5646845079971734,1.3059464760084802,1.0,1.3059464760084802,4416122,3381549.0,4416122,-1,-1,-1
4000,27b_cc_lt_mk_ml.sql,0.6807011795543905,356.68643512450853,1.0,1.0,2177214,6104.0,6104,-1,-1,-1
4000,27c_cc_cct1_mc_mk.sql,1.6577241033957841,1.0268276898126476,1.0,1.0,2809915,2736501.0,2736501,-1,-1,-1
4000,27c_cc_cct2_ml_t.sql,-0.10913362283761652,16.1111269310173,1.0,17.83597921264327,226313,14047.0,250542,-1,-1,-1
4000,28c_cc_cct1_cct2_mc.sql,1.666666666666667,1.0,1.0,1.0,195143,195143.0,195143,-1,-1,-1
4000,28c_cc_cct2_mc_mi_idx.sql,1.6666666666666667,1.0,1.0,1.022009152320767,334997,334997.0,342370,-1,-1,-1
4000,28c_cc_cct2_mi_mk.sql,0.3858121944345856,4.842563416696243,1.0,1.0077361011319927,6712897,1386228.0,1396952,-1,-1,-1
4000,29a_an_chn_ci_n.sql,0.44097222222222227,18448.479166666668,1.0,1.0,1771054,96.0,96,-1,-1,-1
4000,29a_cc_ci_k_mk.sql,0.7164861612515042,784.7375451263538,1.0,2.545487364620939,2173723,2770.0,7051,-1,-1,-1
4000,29b_an_ci_k_mk.sql,1.6666666666666667,1.0,1.0,1.0,13286.0,13286.0,13286,-1,-1,-1
4000,29b_cc_cct1_ci_mk.sql,1.6614397240897563,1.0156808277307314,1.0,1.0156808277307314,1205863,1187246.0,1205863,-1,-1,-1
4000,30b_it2_k_mi_idx_mk.sql,0.4744357189314191,12.000511887842363,1.0,1.0,3985418,332104.0,332104,-1,-1,-1
4000,30c_cc_cct1_cct2_ci.sql,1.2564662390189865,2.2306012829430406,1.0,2.2306012829430406,115447,51756.0,115447,-1,-1,-1
4000,30c_cc_cct2_ci_t.sql,0.7597037090264553,23.081324327237454,1.0,1.1626666187619012,1284845,55666.0,64721,-1,-1,-1
4000,31b_ci_mc_mk_t.sql,-0.32911276263877415,911.5119735755574,1.0,2.050371593724195,3311523,3633.0,7449,-1,-1,-1
4000,31c_cn_it1_mc_mi.sql,-0.09903277031904145,186.97726288436553,1.0,1.0,863461,4618.0,4618,-1,-1,-1
4000,33b_cn2_mc1_mc2_ml.sql,1.242830078064735,2.271509765805795,1.0,1.0,3680868,1620450.0,1620450,-1,-1,-1
4000,5b_it_mc_mi_t.sql,1.0,552777.0,1.0,3536.0,552777,1,3536,-1,-1,-1
4000,7c_ci_lt_ml_t.sql,1.2805932478806998,2.1582202563579003,1.0,1.0014134069471736,2441614,1131309.0,1132908,-1,-1,-1
4000,8c_ci_cn_mc_rt.sql,-0.11222300068729296,19.567114423602423,1.0,1.563271869899865,114534128,5853399.0,9150454,-1,-1,-1
4000,9a_ci_cn_mc_rt.sql,1.3226548143856758,2.032035556842972,1.0,1.0,897924,441884.0,441884,-1,-1,-1
4000,9a_ci_n_rt_t.sql,0.742218875502008,208.7296686746988,1.0,1.3215361445783131,277193,1328.0,1755,-1,-1,-1
4000,9b_ci_cn_mc_n.sql,0.7132904608788853,285.53054662379424,1.0,1.0,177600,622.0,622,-1,-1,-1
4500,10b_ci_mc_rt_t.sql,0.8974358974358975,3.3076923076923075,1.0,1.0,43,13.0,13,-1,-1,-1
4500,14b_k_mi_mi_idx_mk.sql,1.6666666666666665,1.0,1.0,1.0,44130,44130.0,44130,-1,-1,-1
4500,14b_kt_mi_idx_mk_t.sql,-0.015873015873015817,10.714285714285714,1.0,1.4047619047619047,900,84.0,118,-1,-1,-1
4500,15a_at_cn_mc_mi.sql,0.8136882129277567,80.27376425855513,1.0,169.49049429657794,21112,263.0,44576,-1,-1,-1
4500,15b_at_cn_mc_t.sql,1.6666666666666667,1.0,1.0,1.0,331.0,331.0,331,-1,-1,-1
4500,15d_at_cn_ct_mc.sql,1.374665620888994,1.876003137333018,1.0,1.0,4520586,2409690.0,2409690,-1,-1,-1
4500,16a_ci_cn_mc_n.sql,1.6466099738510924,1.0601700784467218,1.0,1.0,69687371,65732256.0,65732256,-1,-1,-1
4500,19b_ci_cn_mc_n.sql,1.6666666666666665,1.0,1.0,1.0,622,622.0,622,-1,-1,-1
4500,19d_an_ci_mi_n.sql,1.5901199660314844,1.2296401019055472,1.0,1.0117593398233393,8637661,7024544.0,7107148,-1,-1,-1
4500,19d_ci_it_mi_n.sql,1.6666666666666667,1.0,1.0,1.4332090566260012,3734945,3734945.0,5352957,-1,-1,-1
4500,20c_cc_cct2_mk_t.sql,1.6666666666666665,1.0,1.0,1.1765173524228913,545918,545918.0,642282,-1,-1,-1
4500,22a_ct_it2_mc_mi_idx.sql,1.5722676379288194,1.283197086213542,1.0,1.0,762400,594141.0,594141,-1,-1,-1
4500,22a_it1_mi_mk_t.sql,1.6666666666666667,1.0,1.0,1.582567938183825,723047.0,723047.0,1144271,-1,-1,-1
4500,22b_cn_ct_mc_mi_idx.sql,1.49697142439983,1.50908572680051,1.0,1.2191503920678948,1440119,954299.0,1163434,-1,-1,-1
4500,22b_k_mc_mi_idx_mk.sql,1.6666666666666667,1.0,1.0,1.0029954238228134,337181,337181.0,338191,-1,-1,-1
4500,22d_cn_ct_mc_mi_idx.sql,1.3957871127423411,1.8126386617729764,1.0,1.0,8650644,4772404.0,4772404,-1,-1,-1
4500,22d_ct_mc_mk_t.sql,1.6053991022216014,1.1838026933351955,1.0,1.7923369529984199,14188305,11985363.0,21481809,-1,-1,-1
4500,24a_an_ci_mc_rt.sql,1.6666666666666667,1.0,1.0,1.0,1711364.0,1711364.0,1711364,-1,-1,-1
4500,24a_chn_ci_mc_rt.sql,1.666666666666667,1.0,1.0,1.0,958522,958522.0,958522,-1,-1,-1
4500,24a_ci_it_mc_mi.sql,1.3754997454877091,1.8735007635368726,1.0,1.2219824386519331,1413339,754384.0,921844,-1,-1,-1
4500,24a_ci_it_mi_mk.sql,0.9157192169889079,3.2528423490332763,1.0,1.081850267677649,6655091,2045931.0,2213391,-1,-1,-1
4500,24a_ci_it_mi_n.sql,1.6666666666666665,1.0,1.0,50.773521192361436,8588,8588.0,436043,-1,-1,-1
4500,24a_mc_mi_mk_t.sql,1.649845386449042,1.0504638406528735,1.0,1.0214157034029785,6149929,5854489.0,5979867,-1,-1,-1
4500,25b_it2_k_mi_idx_mk.sql,0.35902215059593745,14.957966834352503,1.0,1.0,3972477,265576.0,265576,-1,-1,-1
4500,26a_cc_cct2_it2_mi_idx.sql,1.0786473504504333,2.7640579486487007,1.0,1.7496479484557959,286572,103678.0,181400,-1,-1,-1
4500,26b_ci_it2_mi_idx_n.sql,0.8315393369559632,25.121025311546845,1.0,1.0,36988474,1472411.0,1472411,-1,-1,-1
4500,27a_cc_cct2_ct_mc.sql,1.6666666666666667,1.0,1.0,1.0,349140,349140.0,349140,-1,-1,-1
4500,27b_cc_ct_mc_mk.sql,1.5646845079971734,1.3059464760084802,1.0,1.3059464760084802,4416122,3381549.0,4416122,-1,-1,-1
4500,27b_cc_lt_mk_ml.sql,0.6807011795543905,356.68643512450853,1.0,1.0,2177214,6104.0,6104,-1,-1,-1
4500,27c_cc_cct1_mc_mk.sql,0.8611481109148751,3.4165556672553747,1.0,1.0,9349408,2736501.0,2736501,-1,-1,-1
4500,27c_cc_cct2_ml_t.sql,0.29574523623074916,11.729479604185947,1.0,17.83597921264327,164764,14047.0,250542,-1,-1,-1
4500,28c_cc_cct1_cct2_mc.sql,1.666666666666667,1.0,1.0,1.0,195143,195143.0,195143,-1,-1,-1
4500,28c_cc_cct2_mc_mi_idx.sql,1.1114955258305796,2.665513422508261,1.0,1.022009152320767,892939,334997.0,342370,-1,-1,-1
4500,28c_cc_cct2_mi_mk.sql,0.8839498264354781,3.3481505206935656,1.0,1.0077361011319927,4641300,1386228.0,1396952,-1,-1,-1
4500,29a_an_chn_ci_n.sql,0.6875000000000001,110.57291666666667,1.0,1.0,10615,96.0,96,-1,-1,-1
4500,29a_cc_ci_k_mk.sql,-0.2726835138387485,1317.2971119133574,1.0,2.545487364620939,3648913,2770.0,7051,-1,-1,-1
4500,29b_an_ci_k_mk.sql,1.6666666666666667,1.0,1.0,1.0,13286.0,13286.0,13286,-1,-1,-1
4500,29b_cc_cct1_ci_mk.sql,1.6666666666666667,1.0,1.0,1.0156808277307314,1187246,1187246.0,1205863,-1,-1,-1
4500,30b_it2_k_mi_idx_mk.sql,1.397437750423562,1.8076867487293138,1.0,1.0,600340,332104.0,332104,-1,-1,-1
4500,30c_cc_cct1_cct2_ci.sql,0.7179843882834841,3.846046835149548,1.0,2.2306012829430406,199056,51756.0,115447,-1,-1,-1
4500,30c_cc_cct2_ci_t.sql,0.3987592665780427,4.803722200265871,1.0,1.1626666187619012,267404,55666.0,64721,-1,-1,-1
4500,31b_ci_mc_mk_t.sql,-0.32911276263877415,911.5119735755574,1.0,2.050371593724195,3311523,3633.0,7449,-1,-1,-1
4500,31c_cn_it1_mc_mi.sql,1.6666666666666665,1.0,1.0,1.0,4618.0,4618.0,4618,-1,-1,-1
4500,33b_cn2_mc1_mc2_ml.sql,1.2016279428553795,2.395116171433861,1.0,1.0,3881166,1620450.0,1620450,-1,-1,-1
4500,5b_it_mc_mi_t.sql,1.0,82354.0,1.0,3536.0,82354,1,3536,-1,-1,-1
4500,7c_ci_lt_ml_t.sql,1.6666666666666665,1.0,1.0,1.0014134069471736,1131309.0,1131309.0,1132908,-1,-1,-1
4500,8c_ci_cn_mc_rt.sql,0.8220716999928872,6.050106100745908,1.0,1.563271869899865,35413685,5853399.0,9150454,-1,-1,-1
4500,9a_ci_cn_mc_rt.sql,1.6402683358830221,1.0791949923509336,1.0,1.0,476879,441884.0,441884,-1,-1,-1
4500,9a_ci_n_rt_t.sql,0.742218875502008,208.7296686746988,1.0,1.3215361445783131,277193,1328.0,1755,-1,-1,-1
4500,9b_ci_cn_mc_n.sql,1.6666666666666665,1.0,1.0,1.0,622,622.0,622,-1,-1,-1
5000,10b_ci_mc_rt_t.sql,1.0,20234.076923076922,1.0,1.0,263043,13.0,13,-1,-1,-1
5000,14b_k_mi_mi_idx_mk.sql,1.6666666666666665,1.0,1.0,1.0,44130,44130.0,44130,-1,-1,-1
5000,14b_kt_mi_idx_mk_t.sql,1.6666666666666665,1.0,1.0,1.4047619047619047,84,84.0,118,-1,-1,-1
5000,15a_at_cn_mc_mi.sql,1.6666666666666665,1.0,1.0,169.49049429657794,263,263.0,44576,-1,-1,-1
5000,15b_at_cn_mc_t.sql,1.4380664652567976,1.6858006042296072,1.0,1.0,558,331.0,331,-1,-1,-1
5000,15d_at_cn_ct_mc.sql,1.374665620888994,1.876003137333018,1.0,1.0,4520586,2409690.0,2409690,-1,-1,-1
5000,16a_ci_cn_mc_n.sql,1.6666666666666665,1.0,1.0,1.0,65732256.0,65732256.0,65732256,-1,-1,-1
5000,19b_ci_cn_mc_n.sql,1.6666666666666665,1.0,1.0,1.0,622,622.0,622,-1,-1,-1
5000,19d_an_ci_mi_n.sql,1.54850041986118,1.3544987404164597,1.0,1.0117593398233393,9514736,7024544.0,7107148,-1,-1,-1
5000,19d_ci_it_mi_n.sql,1.6666666666666667,1.0,1.0,1.4332090566260012,3734945,3734945.0,5352957,-1,-1,-1
5000,20c_cc_cct2_mk_t.sql,1.6666666666666665,1.0,1.0,1.1765173524228913,545918,545918.0,642282,-1,-1,-1
5000,22a_ct_it2_mc_mi_idx.sql,1.5722676379288194,1.283197086213542,1.0,1.0,762400,594141.0,594141,-1,-1,-1
5000,22a_it1_mi_mk_t.sql,1.6666666666666667,1.0,1.0,1.582567938183825,723047.0,723047.0,1144271,-1,-1,-1
5000,22b_cn_ct_mc_mi_idx.sql,1.5508511134001677,1.3474466597994967,1.0,1.2191503920678948,1285867,954299.0,1163434,-1,-1,-1
5000,22b_k_mc_mi_idx_mk.sql,1.6656681920590621,1.0029954238228134,1.0,1.0029954238228134,338191,337181.0,338191,-1,-1,-1
5000,22d_cn_ct_mc_mi_idx.sql,1.6149389978998703,1.1551830063003887,1.0,1.0,5513000,4772404.0,4772404,-1,-1,-1
5000,22d_ct_mc_mk_t.sql,0.45601094156820005,4.6319671752954,1.0,1.7923369529984199,55515808,11985363.0,21481809,-1,-1,-1
5000,24a_an_ci_mc_rt.sql,1.6666666666666667,1.0,1.0,1.0,1711364.0,1711364.0,1711364,-1,-1,-1
5000,24a_chn_ci_mc_rt.sql,0.8245263715039057,3.526420885488283,1.0,1.0,3380152,958522.0,958522,-1,-1,-1
5000,24a_ci_it_mc_mi.sql,1.5926725204493557,1.2219824386519331,1.0,1.2219824386519331,921844,754384.0,921844,-1,-1,-1
5000,24a_ci_it_mi_mk.sql,1.6666666666666665,1.0,1.0,1.081850267677649,2045931,2045931.0,2213391,-1,-1,-1
5000,24a_ci_it_mi_n.sql,-0.03947368421052633,31.274219841639496,1.0,50.773521192361436,268583,8588.0,436043,-1,-1,-1
5000,24a_mc_mi_mk_t.sql,1.6546237710356388,1.0361286868930832,1.0,1.0214157034029785,6066004,5854489.0,5979867,-1,-1,-1
5000,25b_it2_k_mi_idx_mk.sql,0.35902215059593745,14.957966834352503,1.0,1.0,3972477,265576.0,265576,-1,-1,-1
5000,26a_cc_cct2_it2_mi_idx.sql,1.6218612756161708,1.1344161731514883,1.0,1.7496479484557959,117614,103678.0,181400,-1,-1,-1
5000,26b_ci_it2_mi_idx_n.sql,0.8315393369559632,25.121025311546845,1.0,1.0,36988474,1472411.0,1472411,-1,-1,-1
5000,27a_cc_cct2_ct_mc.sql,1.603124820988715,1.1906255370338545,1.0,1.0,415695,349140.0,349140,-1,-1,-1
5000,27b_cc_ct_mc_mk.sql,0.9897594268188927,3.0307217195433216,1.0,1.3059464760084802,10248534,3381549.0,4416122,-1,-1,-1
5000,27b_cc_lt_mk_ml.sql,0.6807011795543905,356.68643512450853,1.0,1.0,2177214,6104.0,6104,-1,-1,-1
5000,27c_cc_cct1_mc_mk.sql,0.8611481109148751,3.4165556672553747,1.0,1.0,9349408,2736501.0,2736501,-1,-1,-1
5000,27c_cc_cct2_ml_t.sql,-0.10913362283761652,17.83597921264327,1.0,17.83597921264327,250542,14047.0,250542,-1,-1,-1
5000,28c_cc_cct1_cct2_mc.sql,1.656984877756312,1.029045366731064,1.0,1.0,200811,195143.0,195143,-1,-1,-1
5000,28c_cc_cct2_mc_mi_idx.sql,1.436772070595657,1.6896837882130287,1.0,1.022009152320767,566039,334997.0,342370,-1,-1,-1
5000,28c_cc_cct2_mi_mk.sql,0.8839498264354781,3.3481505206935656,1.0,1.0077361011319927,4641300,1386228.0,1396952,-1,-1,-1
5000,29a_an_chn_ci_n.sql,0.6875000000000001,110.57291666666667,1.0,1.0,10615,96.0,96,-1,-1,-1
5000,29a_cc_ci_k_mk.sql,0.20132370637785799,1615.384476534296,1.0,2.545487364620939,4474615,2770.0,7051,-1,-1,-1
5000,29b_an_ci_k_mk.sql,0.776330974961112,133.96116212554568,1.0,1.0,1779808,13286.0,13286,-1,-1,-1
5000,29b_cc_cct1_ci_mk.sql,0.6733364441741645,3.979990667477507,1.0,1.0156808277307314,4725228,1187246.0,1205863,-1,-1,-1
5000,30b_it2_k_mi_idx_mk.sql,0.4744357189314191,12.000511887842363,1.0,1.0,3985418,332104.0,332104,-1,-1,-1
5000,30c_cc_cct1_cct2_ci.sql,0.7179843882834841,3.846046835149548,1.0,2.2306012829430406,199056,51756.0,115447,-1,-1,-1
5000,30c_cc_cct2_ci_t.sql,1.1146301153307223,2.6561096540078326,1.0,1.1626666187619012,147855,55666.0,64721,-1,-1,-1
5000,31b_ci_mc_mk_t.sql,0.014771997430956973,192.52793834296725,1.0,2.050371593724195,699454,3633.0,7449,-1,-1,-1
5000,31c_cn_it1_mc_mi.sql,0.7700303161541793,41.09571242962321,1.0,1.0,189780,4618.0,4618,-1,-1,-1
5000,33b_cn2_mc1_mc2_ml.sql,1.242830078064735,2.271509765805795,1.0,1.0,3680868,1620450.0,1620450,-1,-1,-1
5000,5b_it_mc_mi_t.sql,2.0,-1,1.0,-1,0,0,3536,-1,-1,-1
5000,7c_ci_lt_ml_t.sql,0.6703777070043051,22.151962903150245,1.0,1.0014134069471736,25060715,1131309.0,1132908,-1,-1,-1
5000,8c_ci_cn_mc_rt.sql,1.6666666666666667,1.0,1.0,1.563271869899865,5853399.0,5853399.0,9150454,-1,-1,-1
5000,9a_ci_cn_mc_rt.sql,1.3226548143856758,2.032035556842972,1.0,1.0,897924,441884.0,441884,-1,-1,-1
5000,9a_ci_n_rt_t.sql,-0.07530120481927705,359.0451807228916,1.0,1.3215361445783131,476812,1328.0,1755,-1,-1,-1
5000,9b_ci_cn_mc_n.sql,0.9094319399785638,172.35369774919613,1.0,1.0,107204,622.0,622,-1,-1,-1
5500,10b_ci_mc_rt_t.sql,1.0,20234.076923076922,1.0,1.0,263043,13.0,13,-1,-1,-1
5500,14b_k_mi_mi_idx_mk.sql,0.7582974544905206,5.291525039655563,1.0,1.0,233515,44130.0,44130,-1,-1,-1
5500,14b_kt_mi_idx_mk_t.sql,-0.015873015873015817,34862.95238095238,1.0,1.4047619047619047,2928488,84.0,118,-1,-1,-1
5500,15a_at_cn_mc_mi.sql,0.0633713561470216,169.49049429657794,1.0,169.49049429657794,44576,263.0,44576,-1,-1,-1
5500,15b_at_cn_mc_t.sql,1.4380664652567976,1.6858006042296072,1.0,1.0,558,331.0,331,-1,-1,-1
5500,15d_at_cn_ct_mc.sql,1.374665620888994,1.876003137333018,1.0,1.0,4520586,2409690.0,2409690,-1,-1,-1
5500,16a_ci_cn_mc_n.sql,1.6466099738510924,1.0601700784467218,1.0,1.0,69687371,65732256.0,65732256,-1,-1,-1
5500,19b_ci_cn_mc_n.sql,1.6666666666666665,1.0,1.0,1.0,622,622.0,622,-1,-1,-1
5500,19d_an_ci_mi_n.sql,1.6627468867255535,1.0117593398233393,1.0,1.0117593398233393,7107148,7024544.0,7107148,-1,-1,-1
5500,19d_ci_it_mi_n.sql,1.6666666666666667,1.0,1.0,1.4332090566260012,3734945,3734945.0,5352957,-1,-1,-1
5500,20c_cc_cct2_mk_t.sql,1.6078275491923695,1.1765173524228913,1.0,1.1765173524228913,642282,545918.0,642282,-1,-1,-1
5500,22a_ct_it2_mc_mi_idx.sql,1.5722676379288194,1.283197086213542,1.0,1.0,762400,594141.0,594141,-1,-1,-1
5500,22a_it1_mi_mk_t.sql,1.228417608629407,2.3147471741117798,1.0,1.582567938183825,1673671,723047.0,1144271,-1,-1,-1
5500,22b_cn_ct_mc_mi_idx.sql,1.5508511134001677,1.3474466597994967,1.0,1.2191503920678948,1285867,954299.0,1163434,-1,-1,-1
5500,22b_k_mc_mi_idx_mk.sql,1.6666666666666667,1.0,1.0,1.0029954238228134,337181,337181.0,338191,-1,-1,-1
5500,22d_cn_ct_mc_mi_idx.sql,1.3016449012559148,2.095065296232255,1.0,1.0,9998498,4772404.0,4772404,-1,-1,-1
5500,22d_ct_mc_mk_t.sql,1.6053991022216014,1.1838026933351955,1.0,1.7923369529984199,14188305,11985363.0,21481809,-1,-1,-1
5500,24a_an_ci_mc_rt.sql,1.6666666666666667,1.0,1.0,1.0,1711364,1711364.0,1711364,-1,-1,-1
5500,24a_chn_ci_mc_rt.sql,1.590725443269256,1.2278236701922334,1.0,1.0,1176896,958522.0,958522,-1,-1,-1
5500,24a_ci_it_mc_mi.sql,1.5926725204493557,1.2219824386519331,1.0,1.2219824386519331,921844,754384.0,921844,-1,-1,-1
5500,24a_ci_it_mi_mk.sql,1.6666666666666665,1.0,1.0,1.081850267677649,2045931,2045931.0,2213391,-1,-1,-1
5500,24a_ci_it_mi_n.sql,1.6666666666666665,1.0,1.0,50.773521192361436,8588,8588.0,436043,-1,-1,-1
5500,24a_mc_mi_mk_t.sql,1.649845386449042,1.0504638406528735,1.0,1.0214157034029785,6149929,5854489.0,5979867,-1,-1,-1
5500,25b_it2_k_mi_idx_mk.sql,1.2810833810284064,2.1567498569147814,1.0,1.0,572781,265576.0,265576,-1,-1,-1
5500,26a_cc_cct2_it2_mi_idx.sql,1.6218612756161708,1.1344161731514883,1.0,1.7496479484557959,117614,103678.0,181400,-1,-1,-1
5500,26b_ci_it2_mi_idx_n.sql,0.8315393369559632,25.121025311546845,1.0,1.0,36988474,1472411.0,1472411,-1,-1,-1
5500,27a_cc_cct2_ct_mc.sql,1.6666666666666667,1.0,1.0,1.0,349140.0,349140.0,349140,-1,-1,-1
5500,27b_cc_ct_mc_mk.sql,1.5646845079971734,1.3059464760084802,1.0,1.3059464760084802,4416122,3381549.0,4416122,-1,-1,-1
5500,27b_cc_lt_mk_ml.sql,1.6666666666666665,1.0,1.0,1.0,6104.0,6104.0,6104,-1,-1,-1
5500,27c_cc_cct1_mc_mk.sql,0.9940782042469563,3.0177653872591312,1.0,1.0,8258118,2736501.0,2736501,-1,-1,-1
5500,27c_cc_cct2_ml_t.sql,0.781732754324767,8.546664768277925,1.0,17.83597921264327,120055,14047.0,250542,-1,-1,-1
5500,28c_cc_cct1_cct2_mc.sql,1.6276388767894998,1.117083369631501,1.0,1.0,217991,195143.0,195143,-1,-1,-1
5500,28c_cc_cct2_mc_mi_idx.sql,1.436772070595657,1.6896837882130287,1.0,1.022009152320767,566039,334997.0,342370,-1,-1,-1
5500,28c_cc_cct2_mi_mk.sql,0.8839498264354781,3.3481505206935656,1.0,1.0077361011319927,4641300,1386228.0,1396952,-1,-1,-1
5500,29a_an_chn_ci_n.sql,0.6875000000000001,110.57291666666667,1.0,1.0,10615,96.0,96,-1,-1,-1
5500,29a_cc_ci_k_mk.sql,0.7164861612515042,784.7375451263538,1.0,2.545487364620939,2173723,2770.0,7051,-1,-1,-1
5500,29b_an_ci_k_mk.sql,1.6666666666666667,1.0,1.0,1.0,13286.0,13286.0,13286,-1,-1,-1
5500,29b_cc_cct1_ci_mk.sql,1.6666666666666667,1.0,1.0,1.0156808277307314,1187246,1187246.0,1205863,-1,-1,-1
5500,30b_it2_k_mi_idx_mk.sql,1.6666666666666665,1.0,1.0,1.0,332104.0,332104.0,332104,-1,-1,-1
5500,30c_cc_cct1_cct2_ci.sql,1.0729255223226937,2.781223433031919,1.0,2.2306012829430406,143945,51756.0,115447,-1,-1,-1
5500,30c_cc_cct2_ci_t.sql,0.20766715769051125,24.737433981245285,1.0,1.1626666187619012,1377034,55666.0,64721,-1,-1,-1
5500,31b_ci_mc_mk_t.sql,1.6666666666666667,1.0,1.0,2.050371593724195,3633,3633.0,7449,-1,-1,-1
5500,31c_cn_it1_mc_mi.sql,1.6666666666666665,1.0,1.0,1.0,4618,4618.0,4618,-1,-1,-1
5500,33b_cn2_mc1_mc2_ml.sql,1.5895454966213087,1.2313635101360734,1.0,1.0,1995363,1620450.0,1620450,-1,-1,-1
5500,5b_it_mc_mi_t.sql,2.0,-1,1.0,-1,0,0,3536,-1,-1,-1
5500,7c_ci_lt_ml_t.sql,1.6661955310176089,1.0014134069471736,1.0,1.0014134069471736,1132908,1131309.0,1132908,-1,-1,-1
5500,8c_ci_cn_mc_rt.sql,1.6666666666666667,1.0,1.0,1.563271869899865,5853399,5853399.0,9150454,-1,-1,-1
5500,9a_ci_cn_mc_rt.sql,1.6402683358830221,1.0791949923509336,1.0,1.0,476879,441884.0,441884,-1,-1,-1
5500,9a_ci_n_rt_t.sql,0.742218875502008,208.7296686746988,1.0,1.3215361445783131,277193,1328.0,1755,-1,-1,-1
5500,9b_ci_cn_mc_n.sql,1.6666666666666665,1.0,1.0,1.0,622,622.0,622,-1,-1,-1
6000,10b_ci_mc_rt_t.sql,0.23076923076923084,211021.92307692306,1.0,1.0,2743285,13.0,13,-1,-1,-1
6000,14b_k_mi_mi_idx_mk.sql,1.6261046906866077,1.1216859279401767,1.0,1.0,49500,44130.0,44130,-1,-1,-1
6000,14b_kt_mi_idx_mk_t.sql,0.5674603174603174,34860.619047619046,1.0,1.4047619047619047,2928292,84.0,118,-1,-1,-1
6000,15a_at_cn_mc_mi.sql,0.0633713561470216,169.49049429657794,1.0,169.49049429657794,44576,263.0,44576,-1,-1,-1
6000,15b_at_cn_mc_t.sql,0.6938569989929507,137.33232628398792,1.0,1.0,45457,331.0,331,-1,-1,-1
6000,15d_at_cn_ct_mc.sql,1.5570367972643784,1.3288896082068649,1.0,1.0,3202212,2409690.0,2409690,-1,-1,-1
6000,16a_ci_cn_mc_n.sql,1.6466099738510924,1.0601700784467218,1.0,1.0,69687371,65732256.0,65732256,-1,-1,-1
6000,19b_ci_cn_mc_n.sql,-0.04394426580921751,330.09003215434086,1.0,1.0,205316,622.0,622,-1,-1,-1
6000,19d_an_ci_mi_n.sql,1.6627468867255535,1.0117593398233393,1.0,1.0117593398233393,7107148,7024544.0,7107148,-1,-1,-1
6000,19d_ci_it_mi_n.sql,0.7765116576906309,3.6704650269281074,1.0,1.4332090566260012,13708985,3734945.0,5352957,-1,-1,-1
6000,20c_cc_cct2_mk_t.sql,1.6666666666666665,1.0,1.0,1.1765173524228913,545918,545918.0,642282,-1,-1,-1
6000,22a_ct_it2_mc_mi_idx.sql,1.5722676379288194,1.283197086213542,1.0,1.0,762400,594141.0,594141,-1,-1,-1
6000,22a_it1_mi_mk_t.sql,1.228417608629407,2.3147471741117798,1.0,1.582567938183825,1673671,723047.0,1144271,-1,-1,-1
6000,22b_cn_ct_mc_mi_idx.sql,1.4733764435115897,1.5798706694652305,1.0,1.2191503920678948,1507669,954299.0,1163434,-1,-1,-1
6000,22b_k_mc_mi_idx_mk.sql,1.6656681920590621,1.0029954238228134,1.0,1.0029954238228134,338191,337181.0,338191,-1,-1,-1
6000,22d_cn_ct_mc_mi_idx.sql,1.3016449012559148,2.095065296232255,1.0,1.0,9998498,4772404.0,4772404,-1,-1,-1
6000,22d_ct_mc_mk_t.sql,1.390777428546247,1.8276677143612587,1.0,1.7923369529984199,21905261,11985363.0,21481809,-1,-1,-1
6000,24a_an_ci_mc_rt.sql,1.6609240738187006,1.0172277785438983,1.0,1.0,1740847,1711364.0,1711364,-1,-1,-1
6000,24a_chn_ci_mc_rt.sql,1.590725443269256,1.2278236701922334,1.0,1.0,1176896,958522.0,958522,-1,-1,-1
6000,24a_ci_it_mc_mi.sql,1.5926725204493557,1.2219824386519331,1.0,1.2219824386519331,921844,754384.0,921844,-1,-1,-1
6000,24a_ci_it_mi_mk.sql,1.6666666666666665,1.0,1.0,1.081850267677649,2045931.0,2045931.0,2213391,-1,-1,-1
6000,24a_ci_it_mi_n.sql,1.6666666666666665,1.0,1.0,50.773521192361436,8588,8588.0,436043,-1,-1,-1
6000,24a_mc_mi_mk_t.sql,1.6595280988656738,1.0214157034029785,1.0,1.0214157034029785,5979867,5854489.0,5979867,-1,-1,-1
6000,25b_it2_k_mi_idx_mk.sql,1.2810833810284064,2.1567498569147814,1.0,1.0,572781,265576.0,265576,-1,-1,-1
6000,26a_cc_cct2_it2_mi_idx.sql,1.6218612756161708,1.1344161731514883,1.0,1.7496479484557959,117614,103678.0,181400,-1,-1,-1
6000,26b_ci_it2_mi_idx_n.sql,0.8315393369559632,25.121025311546845,1.0,1.0,36988474,1472411.0,1472411,-1,-1,-1
6000,27a_cc_cct2_ct_mc.sql,1.603124820988715,1.1906255370338545,1.0,1.0,415695,349140.0,349140,-1,-1,-1
6000,27b_cc_ct_mc_mk.sql,0.9897594268188927,3.0307217195433216,1.0,1.3059464760084802,10248534,3381549.0,4416122,-1,-1,-1
6000,27b_cc_lt_mk_ml.sql,-0.1508846657929227,50.66628440366973,1.0,1.0,309267,6104.0,6104,-1,-1,-1
6000,27c_cc_cct1_mc_mk.sql,0.9940782042469563,3.0177653872591312,1.0,1.0,8258118,2736501.0,2736501,-1,-1,-1
6000,27c_cc_cct2_ml_t.sql,0.7758002895042833,10.289314444365345,1.0,17.83597921264327,144534,14047.0,250542,-1,-1,-1
6000,28c_cc_cct1_cct2_mc.sql,1.6247264826306864,1.1258205521079414,1.0,1.0,219696,195143.0,195143,-1,-1,-1
6000,28c_cc_cct2_mc_mi_idx.sql,1.6666666666666667,1.0,1.0,1.022009152320767,334997,334997.0,342370,-1,-1,-1
6000,28c_cc_cct2_mi_mk.sql,-0.07661197628865274,6.229835928865959,1.0,1.0077361011319927,8635973,1386228.0,1396952,-1,-1,-1
6000,29a_an_chn_ci_n.sql,0.6875000000000001,110.57291666666667,1.0,1.0,10615,96.0,96,-1,-1,-1
6000,29a_cc_ci_k_mk.sql,-0.2726835138387485,2146.3985559566786,1.0,2.545487364620939,5945524,2770.0,7051,-1,-1,-1
6000,29b_an_ci_k_mk.sql,1.6666666666666667,1.0,1.0,1.0,13286.0,13286.0,13286,-1,-1,-1
6000,29b_cc_cct1_ci_mk.sql,1.2640713606671798,2.2077859179984602,1.0,1.0156808277307314,2621185,1187246.0,1205863,-1,-1,-1
6000,30b_it2_k_mi_idx_mk.sql,1.397437750423562,1.8076867487293138,1.0,1.0,600340,332104.0,332104,-1,-1,-1
6000,30c_cc_cct1_cct2_ci.sql,0.7179843882834841,3.846046835149548,1.0,2.2306012829430406,199056,51756.0,115447,-1,-1,-1
6000,30c_cc_cct2_ci_t.sql,1.6666666666666667,1.0,1.0,1.1626666187619012,55666,55666.0,64721,-1,-1,-1
6000,31b_ci_mc_mk_t.sql,0.873015873015873,3.380952380952381,1.0,2.050371593724195,12283,3633.0,7449,-1,-1,-1
6000,31c_cn_it1_mc_mi.sql,0.7700303161541793,41.09571242962321,1.0,1.0,189780,4618.0,4618,-1,-1,-1
6000,33b_cn2_mc1_mc2_ml.sql,1.5895454966213087,1.2313635101360734,1.0,1.0,1995363,1620450.0,1620450,-1,-1,-1
6000,5b_it_mc_mi_t.sql,1.0,100.0,1.0,100.0,82354,0,3536,-1,-1,-1
6000,7c_ci_lt_ml_t.sql,1.2186169590565739,2.344149122830279,1.0,1.0014134069471736,2651957,1131309.0,1132908,-1,-1,-1
6000,8c_ci_cn_mc_rt.sql,1.6666666666666667,1.0,1.0,1.563271869899865,5853399,5853399.0,9150454,-1,-1,-1
6000,9a_ci_cn_mc_rt.sql,1.6666666666666665,1.0,1.0,1.0,441884,441884.0,441884,-1,-1,-1
6000,9a_ci_n_rt_t.sql,1.6666666666666667,1.0,1.0,1.3215361445783131,1328.0,1328.0,1755,-1,-1,-1
6000,9b_ci_cn_mc_n.sql,1.6666666666666665,1.0,1.0,1.0,622,622.0,622,-1,-1,-1
6500,10b_ci_mc_rt_t.sql,0.23076923076923084,211021.92307692306,1.0,1.0,2743285,13.0,13,-1,-1,-1
6500,14b_k_mi_mi_idx_mk.sql,1.6261046906866077,1.1216859279401767,1.0,1.0,49500,44130.0,44130,-1,-1,-1
6500,14b_kt_mi_idx_mk_t.sql,0.7023809523809523,4.476190476190476,1.0,1.4047619047619047,376,84.0,118,-1,-1,-1
6500,15a_at_cn_mc_mi.sql,0.9277566539923955,3.216730038022814,1.0,169.49049429657794,846,263.0,44576,-1,-1,-1
6500,15b_at_cn_mc_t.sql,1.4380664652567976,1.6858006042296072,1.0,1.0,558,331.0,331,-1,-1,-1
6500,15d_at_cn_ct_mc.sql,1.374665620888994,1.876003137333018,1.0,1.0,4520586,2409690.0,2409690,-1,-1,-1
6500,16a_ci_cn_mc_n.sql,1.6466099738510924,1.0601700784467218,1.0,1.0,69687371,65732256.0,65732256,-1,-1,-1
6500,19b_ci_cn_mc_n.sql,1.6666666666666665,1.0,1.0,1.0,622,622.0,622,-1,-1,-1
6500,19d_an_ci_mi_n.sql,0.21332625529381935,5.895378262275814,1.0,1.0117593398233393,41412344,7024544.0,7107148,-1,-1,-1
6500,19d_ci_it_mi_n.sql,1.6666666666666667,1.0,1.0,1.4332090566260012,3734945,3734945.0,5352957,-1,-1,-1
6500,20c_cc_cct2_mk_t.sql,1.404263399753565,1.7872098007393051,1.0,1.1765173524228913,975670,545918.0,642282,-1,-1,-1
6500,22a_ct_it2_mc_mi_idx.sql,1.6666666666666667,1.0,1.0,1.0,594141.0,594141.0,594141,-1,-1,-1
6500,22a_it1_mi_mk_t.sql,1.228417608629407,2.3147471741117798,1.0,1.582567938183825,1673671,723047.0,1144271,-1,-1,-1
6500,22b_cn_ct_mc_mi_idx.sql,1.4733764435115897,1.5798706694652305,1.0,1.2191503920678948,1507669,954299.0,1163434,-1,-1,-1
6500,22b_k_mc_mi_idx_mk.sql,1.6666666666666667,1.0,1.0,1.0029954238228134,337181,337181.0,338191,-1,-1,-1
6500,22d_cn_ct_mc_mi_idx.sql,1.3957871127423411,1.8126386617729764,1.0,1.0,8650644,4772404.0,4772404,-1,-1,-1
6500,22d_ct_mc_mk_t.sql,1.4025543490005268,1.7923369529984199,1.0,1.7923369529984199,21481809,11985363.0,21481809,-1,-1,-1
6500,24a_an_ci_mc_rt.sql,1.6666666666666667,1.0,1.0,1.0,1711364.0,1711364.0,1711364,-1,-1,-1
6500,24a_chn_ci_mc_rt.sql,1.590725443269256,1.2278236701922334,1.0,1.0,1176896,958522.0,958522,-1,-1,-1
6500,24a_ci_it_mc_mi.sql,1.5926725204493557,1.2219824386519331,1.0,1.2219824386519331,921844,754384.0,921844,-1,-1,-1
6500,24a_ci_it_mi_mk.sql,1.6666666666666665,1.0,1.0,1.081850267677649,2045931,2045931.0,2213391,-1,-1,-1
6500,24a_ci_it_mi_n.sql,1.6666666666666665,1.0,1.0,50.773521192361436,8588,8588.0,436043,-1,-1,-1
6500,24a_mc_mi_mk_t.sql,1.649845386449042,1.0504638406528735,1.0,1.0214157034029785,6149929,5854489.0,5979867,-1,-1,-1
6500,25b_it2_k_mi_idx_mk.sql,1.2810833810284064,2.1567498569147814,1.0,1.0,572781,265576.0,265576,-1,-1,-1
6500,26a_cc_cct2_it2_mi_idx.sql,1.666666666666667,1.0,1.0,1.7496479484557959,103678,103678.0,181400,-1,-1,-1
6500,26b_ci_it2_mi_idx_n.sql,0.8315393369559632,25.121025311546845,1.0,1.0,36988474,1472411.0,1472411,-1,-1,-1
6500,27a_cc_cct2_ct_mc.sql,1.6200177579194592,1.1399467262416223,1.0,1.0,398001,349140.0,349140,-1,-1,-1
6500,27b_cc_ct_mc_mk.sql,1.5646845079971734,1.3059464760084802,1.0,1.3059464760084802,4416122,3381549.0,4416122,-1,-1,-1
6500,27b_cc_lt_mk_ml.sql,1.6666666666666665,1.0,1.0,1.0,6104.0,6104.0,6104,-1,-1,-1
6500,27c_cc_cct1_mc_mk.sql,1.2391614936982178,2.2825155189053468,1.0,1.0,6246106,2736501.0,2736501,-1,-1,-1
6500,27c_cc_cct2_ml_t.sql,0.29574523623074916,11.729479604185947,1.0,17.83597921264327,164764,14047.0,250542,-1,-1,-1
6500,28c_cc_cct1_cct2_mc.sql,1.666666666666667,1.0,1.0,1.0,195143,195143.0,195143,-1,-1,-1
6500,28c_cc_cct2_mc_mi_idx.sql,1.6666666666666667,1.0,1.0,1.022009152320767,334997,334997.0,342370,-1,-1,-1
6500,28c_cc_cct2_mi_mk.sql,1.6666666666666667,1.0,1.0,1.0077361011319927,1386228,1386228.0,1396952,-1,-1,-1
6500,29a_an_chn_ci_n.sql,0.6875000000000001,110.57291666666667,1.0,1.0,10615,96.0,96,-1,-1,-1
6500,29a_cc_ci_k_mk.sql,-0.2726835138387485,2146.3985559566786,1.0,2.545487364620939,5945524,2770.0,7051,-1,-1,-1
6500,29b_an_ci_k_mk.sql,1.6666666666666667,1.0,1.0,1.0,13286,13286.0,13286,-1,-1,-1
6500,29b_cc_cct1_ci_mk.sql,0.6733364441741645,3.979990667477507,1.0,1.0156808277307314,4725228,1187246.0,1205863,-1,-1,-1
6500,30b_it2_k_mi_idx_mk.sql,0.4744357189314191,12.000511887842363,1.0,1.0,3985418,332104.0,332104,-1,-1,-1
6500,30c_cc_cct1_cct2_ci.sql,1.0729255223226937,2.781223433031919,1.0,2.2306012829430406,143945,51756.0,115447,-1,-1,-1
6500,30c_cc_cct2_ci_t.sql,0.20766715769051125,24.737433981245285,1.0,1.1626666187619012,1377034,55666.0,64721,-1,-1,-1
6500,31b_ci_mc_mk_t.sql,0.014771997430956973,192.52793834296725,1.0,2.050371593724195,699454,3633.0,7449,-1,-1,-1
6500,31c_cn_it1_mc_mi.sql,1.6666666666666665,1.0,1.0,1.0,4618.0,4618.0,4618,-1,-1,-1
6500,33b_cn2_mc1_mc2_ml.sql,1.5483433614119533,1.3549699157641395,1.0,1.0,2195661,1620450.0,1620450,-1,-1,-1
6500,5b_it_mc_mi_t.sql,1.0,100.0,1.0,100.0,552777,0,3536,-1,-1,-1
6500,7c_ci_lt_ml_t.sql,1.6666666666666665,1.0,1.0,1.0014134069471736,1131309.0,1131309.0,1132908,-1,-1,-1
6500,8c_ci_cn_mc_rt.sql,1.6666666666666667,1.0,1.0,1.563271869899865,5853399.0,5853399.0,9150454,-1,-1,-1
6500,9a_ci_cn_mc_rt.sql,1.6666666666666665,1.0,1.0,1.0,441884,441884.0,441884,-1,-1,-1
6500,9a_ci_n_rt_t.sql,1.5594879518072289,1.3215361445783131,1.0,1.3215361445783131,1755,1328.0,1755,-1,-1,-1
6500,9b_ci_cn_mc_n.sql,0.9094319399785638,172.35369774919613,1.0,1.0,107204,622.0,622,-1,-1,-1
7000,10b_ci_mc_rt_t.sql,1.0,20234.076923076922,1.0,1.0,263043,13.0,13,-1,-1,-1
7000,14b_k_mi_mi_idx_mk.sql,0.8141702545509479,66.91105823702696,1.0,1.0,2952785,44130.0,44130,-1,-1,-1
7000,14b_kt_mi_idx_mk_t.sql,-0.015873015873015817,34862.95238095238,1.0,1.4047619047619047,2928488,84.0,118,-1,-1,-1
7000,15a_at_cn_mc_mi.sql,1.6666666666666665,1.0,1.0,169.49049429657794,263,263.0,44576,-1,-1,-1
7000,15b_at_cn_mc_t.sql,1.6666666666666667,1.0,1.0,1.0,331.0,331.0,331,-1,-1,-1
7000,15d_at_cn_ct_mc.sql,1.6666666666666667,1.0,1.0,1.0,2409690,2409690.0,2409690,-1,-1,-1
7000,16a_ci_cn_mc_n.sql,1.6466099738510924,1.0601700784467218,1.0,1.0,69687371,65732256.0,65732256,-1,-1,-1
7000,19b_ci_cn_mc_n.sql,1.6666666666666665,1.0,1.0,1.0,622,622.0,622,-1,-1,-1
7000,19d_an_ci_mi_n.sql,1.2041448289502257,2.3875655131493234,1.0,1.0117593398233393,16771559,7024544.0,7107148,-1,-1,-1
7000,19d_ci_it_mi_n.sql,1.6666666666666667,1.0,1.0,1.4332090566260012,3734945,3734945.0,5352957,-1,-1,-1
7000,20c_cc_cct2_mk_t.sql,1.404263399753565,1.7872098007393051,1.0,1.1765173524228913,975670,545918.0,642282,-1,-1,-1
7000,22a_ct_it2_mc_mi_idx.sql,1.6666666666666667,1.0,1.0,1.0,594141,594141.0,594141,-1,-1,-1
7000,22a_it1_mi_mk_t.sql,1.228417608629407,2.3147471741117798,1.0,1.582567938183825,1673671,723047.0,1144271,-1,-1,-1
7000,22b_cn_ct_mc_mi_idx.sql,1.5508511134001677,1.3474466597994967,1.0,1.2191503920678948,1285867,954299.0,1163434,-1,-1,-1
7000,22b_k_mc_mi_idx_mk.sql,1.6666666666666667,1.0,1.0,1.0029954238228134,337181.0,337181.0,338191,-1,-1,-1
7000,22d_cn_ct_mc_mi_idx.sql,1.3957871127423411,1.8126386617729764,1.0,1.0,8650644,4772404.0,4772404,-1,-1,-1
7000,22d_ct_mc_mk_t.sql,0.45601094156820005,4.6319671752954,1.0,1.7923369529984199,55515808,11985363.0,21481809,-1,-1,-1
7000,24a_an_ci_mc_rt.sql,1.6666666666666667,1.0,1.0,1.0,1711364,1711364.0,1711364,-1,-1,-1
7000,24a_chn_ci_mc_rt.sql,1.590725443269256,1.2278236701922334,1.0,1.0,1176896,958522.0,958522,-1,-1,-1
7000,24a_ci_it_mc_mi.sql,1.447090164513917,1.6587295064582495,1.0,1.2219824386519331,1251319,754384.0,921844,-1,-1,-1
7000,24a_ci_it_mi_mk.sql,1.6666666666666665,1.0,1.0,1.081850267677649,2045931,2045931.0,2213391,-1,-1,-1
7000,24a_ci_it_mi_n.sql,1.6666666666666665,1.0,1.0,50.773521192361436,8588,8588.0,436043,-1,-1,-1
7000,24a_mc_mi_mk_t.sql,1.6546237710356388,1.0361286868930832,1.0,1.0214157034029785,6066004,5854489.0,5979867,-1,-1,-1
7000,25b_it2_k_mi_idx_mk.sql,0.35902215059593745,14.957966834352503,1.0,1.0,3972477,265576.0,265576,-1,-1,-1
7000,26a_cc_cct2_it2_mi_idx.sql,1.0786473504504333,2.7640579486487007,1.0,1.7496479484557959,286572,103678.0,181400,-1,-1,-1
7000,26b_ci_it2_mi_idx_n.sql,0.8315393369559632,25.121025311546845,1.0,1.0,36988474,1472411.0,1472411,-1,-1,-1
7000,27a_cc_cct2_ct_mc.sql,1.6666666666666667,1.0,1.0,1.0,349140,349140.0,349140,-1,-1,-1
7000,27b_cc_ct_mc_mk.sql,0.9897594268188927,3.0307217195433216,1.0,1.3059464760084802,10248534,3381549.0,4416122,-1,-1,-1
7000,27b_cc_lt_mk_ml.sql,0.7226955002184359,3.831913499344692,1.0,1.0,23390,6104.0,6104,-1,-1,-1
7000,27c_cc_cct1_mc_mk.sql,1.2391614936982178,2.2825155189053468,1.0,1.0,6246106,2736501.0,2736501,-1,-1,-1
7000,27c_cc_cct2_ml_t.sql,1.6666666666666665,1.0,1.0,17.83597921264327,14047,14047.0,250542,-1,-1,-1
7000,28c_cc_cct1_cct2_mc.sql,1.666666666666667,1.0,1.0,1.0,195143,195143.0,195143,-1,-1,-1
7000,28c_cc_cct2_mc_mi_idx.sql,1.6666666666666667,1.0,1.0,1.022009152320767,334997,334997.0,342370,-1,-1,-1
7000,28c_cc_cct2_mi_mk.sql,1.6666666666666667,1.0,1.0,1.0077361011319927,1386228,1386228.0,1396952,-1,-1,-1
7000,29a_an_chn_ci_n.sql,1.6666666666666667,1.0,1.0,1.0,96,96.0,96,-1,-1,-1
7000,29a_cc_ci_k_mk.sql,0.20132370637785799,1615.384476534296,1.0,2.545487364620939,4474615,2770.0,7051,-1,-1,-1
7000,29b_an_ci_k_mk.sql,1.6666666666666667,1.0,1.0,1.0,13286,13286.0,13286,-1,-1,-1
7000,29b_cc_cct1_ci_mk.sql,1.6666666666666667,1.0,1.0,1.0156808277307314,1187246,1187246.0,1205863,-1,-1,-1
7000,30b_it2_k_mi_idx_mk.sql,0.4744357189314191,12.000511887842363,1.0,1.0,3985418,332104.0,332104,-1,-1,-1
7000,30c_cc_cct1_cct2_ci.sql,0.7179843882834841,3.846046835149548,1.0,2.2306012829430406,199056,51756.0,115447,-1,-1,-1
7000,30c_cc_cct2_ci_t.sql,1.6666666666666667,1.0,1.0,1.1626666187619012,55666,55666.0,64721,-1,-1,-1
7000,31b_ci_mc_mk_t.sql,1.0122947059363245,2.9631158821910266,1.0,2.050371593724195,10765,3633.0,7449,-1,-1,-1
7000,31c_cn_it1_mc_mi.sql,0.7700303161541793,41.09571242962321,1.0,1.0,189780,4618.0,4618,-1,-1,-1
7000,33b_cn2_mc1_mc2_ml.sql,1.2016279428553795,2.395116171433861,1.0,1.0,3881166,1620450.0,1620450,-1,-1,-1
7000,5b_it_mc_mi_t.sql,1.0,100.0,1.0,100.0,552777,0,3536,-1,-1,-1
7000,7c_ci_lt_ml_t.sql,1.6666666666666665,1.0,1.0,1.0014134069471736,1131309.0,1131309.0,1132908,-1,-1,-1
7000,8c_ci_cn_mc_rt.sql,1.6666666666666667,1.0,1.0,1.563271869899865,5853399,5853399.0,9150454,-1,-1,-1
7000,9a_ci_cn_mc_rt.sql,1.3226548143856758,2.032035556842972,1.0,1.0,897924,441884.0,441884,-1,-1,-1
7000,9a_ci_n_rt_t.sql,0.742218875502008,208.7296686746988,1.0,1.3215361445783131,277193,1328.0,1755,-1,-1,-1
7000,9b_ci_cn_mc_n.sql,0.9094319399785638,172.35369774919613,1.0,1.0,107204,622.0,622,-1,-1,-1
7500,10b_ci_mc_rt_t.sql,1.0,20234.076923076922,1.0,1.0,263043,13.0,13,-1,-1,-1
7500,14b_k_mi_mi_idx_mk.sql,0.7582974544905206,5.291525039655563,1.0,1.0,233515,44130.0,44130,-1,-1,-1
7500,14b_kt_mi_idx_mk_t.sql,0.8134920634920635,3.5595238095238093,1.0,1.4047619047619047,299,84.0,118,-1,-1,-1
7500,15a_at_cn_mc_mi.sql,0.7629911280101394,167.39163498098858,1.0,169.49049429657794,44024,263.0,44576,-1,-1,-1
7500,15b_at_cn_mc_t.sql,0.94662638469285,63.49848942598187,1.0,1.0,21018,331.0,331,-1,-1,-1
7500,15d_at_cn_ct_mc.sql,1.374665620888994,1.876003137333018,1.0,1.0,4520586,2409690.0,2409690,-1,-1,-1
7500,16a_ci_cn_mc_n.sql,1.6666666666666665,1.0,1.0,1.0,65732256.0,65732256.0,65732256,-1,-1,-1
7500,19b_ci_cn_mc_n.sql,0.7132904608788853,285.53054662379424,1.0,1.0,177600,622.0,622,-1,-1,-1
7500,19d_an_ci_mi_n.sql,1.2041448289502257,2.3875655131493234,1.0,1.0117593398233393,16771559,7024544.0,7107148,-1,-1,-1
7500,19d_ci_it_mi_n.sql,0.7765116576906309,3.6704650269281074,1.0,1.4332090566260012,13708985,3734945.0,5352957,-1,-1,-1
7500,20c_cc_cct2_mk_t.sql,0.63147090466578,4.714883920295722,1.0,1.1765173524228913,2573940,545918.0,642282,-1,-1,-1
7500,22a_ct_it2_mc_mi_idx.sql,1.6666666666666667,1.0,1.0,1.0,594141,594141.0,594141,-1,-1,-1
7500,22a_it1_mi_mk_t.sql,-0.18480356970800876,9.800430677397182,1.0,1.582567938183825,7086172,723047.0,1144271,-1,-1,-1
7500,22b_cn_ct_mc_mi_idx.sql,1.5508511134001677,1.3474466597994967,1.0,1.2191503920678948,1285867,954299.0,1163434,-1,-1,-1
7500,22b_k_mc_mi_idx_mk.sql,1.6666666666666667,1.0,1.0,1.0029954238228134,337181,337181.0,338191,-1,-1,-1
7500,22d_cn_ct_mc_mi_idx.sql,1.3957871127423411,1.8126386617729764,1.0,1.0,8650644,4772404.0,4772404,-1,-1,-1
7500,22d_ct_mc_mk_t.sql,1.4025543490005268,1.7923369529984199,1.0,1.7923369529984199,21481809,11985363.0,21481809,-1,-1,-1
7500,24a_an_ci_mc_rt.sql,1.6666666666666667,1.0,1.0,1.0,1711364,1711364.0,1711364,-1,-1,-1
7500,24a_chn_ci_mc_rt.sql,1.666666666666667,1.0,1.0,1.0,958522.0,958522.0,958522,-1,-1,-1
7500,24a_ci_it_mc_mi.sql,1.447090164513917,1.6587295064582495,1.0,1.2219824386519331,1251319,754384.0,921844,-1,-1,-1
7500,24a_ci_it_mi_mk.sql,1.6666666666666665,1.0,1.0,1.081850267677649,2045931,2045931.0,2213391,-1,-1,-1
7500,24a_ci_it_mi_n.sql,1.6666666666666665,1.0,1.0,50.773521192361436,8588,8588.0,436043,-1,-1,-1
7500,24a_mc_mi_mk_t.sql,1.649845386449042,1.0504638406528735,1.0,1.0214157034029785,6149929,5854489.0,5979867,-1,-1,-1
7500,25b_it2_k_mi_idx_mk.sql,1.2810833810284064,2.1567498569147814,1.0,1.0,572781,265576.0,265576,-1,-1,-1
7500,26a_cc_cct2_it2_mi_idx.sql,1.6218612756161708,1.1344161731514883,1.0,1.7496479484557959,117614,103678.0,181400,-1,-1,-1
7500,26b_ci_it2_mi_idx_n.sql,0.8315393369559632,25.121025311546845,1.0,1.0,36988474,1472411.0,1472411,-1,-1,-1
7500,27a_cc_cct2_ct_mc.sql,1.603124820988715,1.1906255370338545,1.0,1.0,415695,349140.0,349140,-1,-1,-1
7500,27b_cc_ct_mc_mk.sql,1.5646845079971734,1.3059464760084802,1.0,1.3059464760084802,4416122,3381549.0,4416122,-1,-1,-1
7500,27b_cc_lt_mk_ml.sql,1.6666666666666665,1.0,1.0,1.0,6104,6104.0,6104,-1,-1,-1
7500,27c_cc_cct1_mc_mk.sql,1.2391614936982178,2.2825155189053468,1.0,1.0,6246106,2736501.0,2736501,-1,-1,-1
7500,27c_cc_cct2_ml_t.sql,0.29574523623074916,11.729479604185947,1.0,17.83597921264327,164764,14047.0,250542,-1,-1,-1
7500,28c_cc_cct1_cct2_mc.sql,1.6247264826306864,1.1258205521079414,1.0,1.0,219696,195143.0,195143,-1,-1,-1
7500,28c_cc_cct2_mc_mi_idx.sql,0.930109821879002,3.2096705343629943,1.0,1.022009152320767,1075230,334997.0,342370,-1,-1,-1
7500,28c_cc_cct2_mi_mk.sql,-0.07661197628865274,6.229835928865959,1.0,1.0077361011319927,8635973,1386228.0,1396952,-1,-1,-1
7500,29a_an_chn_ci_n.sql,-0.04861111111111105,18532.34375,1.0,1.0,1779105,96.0,96,-1,-1,-1
7500,29a_cc_ci_k_mk.sql,0.20132370637785799,1615.384476534296,1.0,2.545487364620939,4474615,2770.0,7051,-1,-1,-1
7500,29b_an_ci_k_mk.sql,1.6666666666666667,1.0,1.0,1.0,13286,13286.0,13286,-1,-1,-1
7500,29b_cc_cct1_ci_mk.sql,1.6666666666666667,1.0,1.0,1.0156808277307314,1187246,1187246.0,1205863,-1,-1,-1
7500,30b_it2_k_mi_idx_mk.sql,0.4744357189314191,12.000511887842363,1.0,1.0,3985418,332104.0,332104,-1,-1,-1
7500,30c_cc_cct1_cct2_ci.sql,0.7179843882834841,3.846046835149548,1.0,2.2306012829430406,199056,51756.0,115447,-1,-1,-1
7500,30c_cc_cct2_ci_t.sql,1.1146301153307223,2.6561096540078326,1.0,1.1626666187619012,147855,55666.0,64721,-1,-1,-1
7500,31b_ci_mc_mk_t.sql,-0.32911276263877415,911.5119735755574,1.0,2.050371593724195,3311523,3633.0,7449,-1,-1,-1
7500,31c_cn_it1_mc_mi.sql,0.7700303161541793,41.09571242962321,1.0,1.0,189780,4618.0,4618,-1,-1,-1
7500,33b_cn2_mc1_mc2_ml.sql,1.5483433614119533,1.3549699157641395,1.0,1.0,2195661,1620450.0,1620450,-1,-1,-1
7500,5b_it_mc_mi_t.sql,1.0,100.0,1.0,100.0,1768,0,3536,-1,-1,-1
7500,7c_ci_lt_ml_t.sql,0.6703777070043051,22.151962903150245,1.0,1.0014134069471736,25060715,1131309.0,1132908,-1,-1,-1
7500,8c_ci_cn_mc_rt.sql,1.6666666666666667,1.0,1.0,1.563271869899865,5853399.0,5853399.0,9150454,-1,-1,-1
7500,9a_ci_cn_mc_rt.sql,1.6666666666666665,1.0,1.0,1.0,441884,441884.0,441884,-1,-1,-1
7500,9a_ci_n_rt_t.sql,-0.07530120481927705,297.582078313253,1.0,1.3215361445783131,395189,1328.0,1755,-1,-1,-1
7500,9b_ci_cn_mc_n.sql,1.6666666666666665,1.0,1.0,1.0,622,622.0,622,-1,-1,-1
8000,10b_ci_mc_rt_t.sql,0.0,240954.3076923077,1.0,1.0,3132406,13.0,13,-1,-1,-1
8000,14b_k_mi_mi_idx_mk.sql,1.6666666666666665,1.0,1.0,1.0,44130,44130.0,44130,-1,-1,-1
8000,14b_kt_mi_idx_mk_t.sql,-0.015873015873015817,10.714285714285714,1.0,1.4047619047619047,900,84.0,118,-1,-1,-1
8000,15a_at_cn_mc_mi.sql,0.7629911280101394,167.39163498098858,1.0,169.49049429657794,44024,263.0,44576,-1,-1,-1
8000,15b_at_cn_mc_t.sql,1.6666666666666667,1.0,1.0,1.0,331.0,331.0,331,-1,-1,-1
8000,15d_at_cn_ct_mc.sql,1.374665620888994,1.876003137333018,1.0,1.0,4520586,2409690.0,2409690,-1,-1,-1
8000,16a_ci_cn_mc_n.sql,1.6666666666666665,1.0,1.0,1.0,65732256.0,65732256.0,65732256,-1,-1,-1
8000,19b_ci_cn_mc_n.sql,0.9094319399785638,172.35369774919613,1.0,1.0,107204,622.0,622,-1,-1,-1
8000,19d_an_ci_mi_n.sql,0.61399411359181,4.6933746873818425,1.0,1.0117593398233393,32968817,7024544.0,7107148,-1,-1,-1
8000,19d_ci_it_mi_n.sql,0.8784870102951091,3.3645389691146725,1.0,1.4332090566260012,12566368,3734945.0,5352957,-1,-1,-1
8000,20c_cc_cct2_mk_t.sql,1.6666666666666665,1.0,1.0,1.1765173524228913,545918,545918.0,642282,-1,-1,-1
8000,22a_ct_it2_mc_mi_idx.sql,1.6666666666666667,1.0,1.0,1.0,594141,594141.0,594141,-1,-1,-1
8000,22a_it1_mi_mk_t.sql,1.4724773539387253,1.582567938183825,1.0,1.582567938183825,1144271,723047.0,1144271,-1,-1,-1
8000,22b_cn_ct_mc_mi_idx.sql,1.5508511134001677,1.3474466597994967,1.0,1.2191503920678948,1285867,954299.0,1163434,-1,-1,-1
8000,22b_k_mc_mi_idx_mk.sql,1.6656681920590621,1.0029954238228134,1.0,1.0029954238228134,338191,337181.0,338191,-1,-1,-1
8000,22d_cn_ct_mc_mi_idx.sql,1.6149389978998703,1.1551830063003887,1.0,1.0,5513000,4772404.0,4772404,-1,-1,-1
8000,22d_ct_mc_mk_t.sql,1.4025543490005268,1.7923369529984199,1.0,1.7923369529984199,21481809,11985363.0,21481809,-1,-1,-1
8000,24a_an_ci_mc_rt.sql,1.6609240738187006,1.0172277785438983,1.0,1.0,1740847,1711364.0,1711364,-1,-1,-1
8000,24a_chn_ci_mc_rt.sql,1.590725443269256,1.2278236701922334,1.0,1.0,1176896,958522.0,958522,-1,-1,-1
8000,24a_ci_it_mc_mi.sql,1.447090164513917,1.6587295064582495,1.0,1.2219824386519331,1251319,754384.0,921844,-1,-1,-1
8000,24a_ci_it_mi_mk.sql,1.3987231240936278,1.8038306277191167,1.0,1.081850267677649,3690513,2045931.0,2213391,-1,-1,-1
8000,24a_ci_it_mi_n.sql,0.9210526315789473,15.814741499767116,1.0,50.773521192361436,135817,8588.0,436043,-1,-1,-1
8000,24a_mc_mi_mk_t.sql,1.6595280988656738,1.0214157034029785,1.0,1.0214157034029785,5979867,5854489.0,5979867,-1,-1,-1
8000,25b_it2_k_mi_idx_mk.sql,1.2810833810284064,2.1567498569147814,1.0,1.0,572781,265576.0,265576,-1,-1,-1
8000,26a_cc_cct2_it2_mi_idx.sql,1.3285299999356983,2.014410000192905,1.0,1.7496479484557959,208850,103678.0,181400,-1,-1,-1
8000,26b_ci_it2_mi_idx_n.sql,0.412243592312201,26.37891254547813,1.0,1.0,38840601,1472411.0,1472411,-1,-1,-1
8000,27a_cc_cct2_ct_mc.sql,1.6666666666666667,1.0,1.0,1.0,349140,349140.0,349140,-1,-1,-1
8000,27b_cc_ct_mc_mk.sql,0.9897594268188927,3.0307217195433216,1.0,1.3059464760084802,10248534,3381549.0,4416122,-1,-1,-1
8000,27b_cc_lt_mk_ml.sql,0.7226955002184359,3.831913499344692,1.0,1.0,23390,6104.0,6104,-1,-1,-1
8000,27c_cc_cct1_mc_mk.sql,1.6577241033957841,1.0268276898126476,1.0,1.0,2809915,2736501.0,2736501,-1,-1,-1
8000,27c_cc_cct2_ml_t.sql,-0.10913362283761652,17.83597921264327,1.0,17.83597921264327,250542,14047.0,250542,-1,-1,-1
8000,28c_cc_cct1_cct2_mc.sql,1.6276388767894998,1.117083369631501,1.0,1.0,217991,195143.0,195143,-1,-1,-1
8000,28c_cc_cct2_mc_mi_idx.sql,1.436772070595657,1.6896837882130287,1.0,1.022009152320767,566039,334997.0,342370,-1,-1,-1
8000,28c_cc_cct2_mi_mk.sql,1.6666666666666667,1.0,1.0,1.0077361011319927,1386228,1386228.0,1396952,-1,-1,-1
8000,29a_an_chn_ci_n.sql,-0.04861111111111105,195.17708333333334,1.0,1.0,18737,96.0,96,-1,-1,-1
8000,29a_cc_ci_k_mk.sql,-0.2726835138387485,1317.2971119133574,1.0,2.545487364620939,3648913,2770.0,7051,-1,-1,-1
8000,29b_an_ci_k_mk.sql,1.6666666666666667,1.0,1.0,1.0,13286,13286.0,13286,-1,-1,-1
8000,29b_cc_cct1_ci_mk.sql,1.2640713606671798,2.2077859179984602,1.0,1.0156808277307314,2621185,1187246.0,1205863,-1,-1,-1
8000,30b_it2_k_mi_idx_mk.sql,1.397437750423562,1.8076867487293138,1.0,1.0,600340,332104.0,332104,-1,-1,-1
8000,30c_cc_cct1_cct2_ci.sql,1.2564662390189865,2.2306012829430406,1.0,2.2306012829430406,115447,51756.0,115447,-1,-1,-1
8000,30c_cc_cct2_ci_t.sql,0.5083713577408112,4.474885926777566,1.0,1.1626666187619012,249099,55666.0,64721,-1,-1,-1
8000,31b_ci_mc_mk_t.sql,1.0122947059363245,2.9631158821910266,1.0,2.050371593724195,10765,3633.0,7449,-1,-1,-1
8000,31c_cn_it1_mc_mi.sql,1.6666666666666665,1.0,1.0,1.0,4618,4618.0,4618,-1,-1,-1
8000,33b_cn2_mc1_mc2_ml.sql,1.242830078064735,2.271509765805795,1.0,1.0,3680868,1620450.0,1620450,-1,-1,-1
8000,5b_it_mc_mi_t.sql,1.0,100.0,1.0,100.0,82354,0,3536,-1,-1,-1
8000,7c_ci_lt_ml_t.sql,1.2186169590565739,2.344149122830279,1.0,1.0014134069471736,2651957,1131309.0,1132908,-1,-1,-1
8000,8c_ci_cn_mc_rt.sql,1.6666666666666667,1.0,1.0,1.563271869899865,5853399.0,5853399.0,9150454,-1,-1,-1
8000,9a_ci_cn_mc_rt.sql,1.3226548143856758,2.032035556842972,1.0,1.0,897924,441884.0,441884,-1,-1,-1
8000,9a_ci_n_rt_t.sql,1.5594879518072289,1.3215361445783131,1.0,1.3215361445783131,1755,1328.0,1755,-1,-1,-1
8000,9b_ci_cn_mc_n.sql,1.6666666666666665,1.0,1.0,1.0,622,622.0,622,-1,-1,-1
8500,10b_ci_mc_rt_t.sql,1.0,20234.076923076922,1.0,1.0,263043,13.0,13,-1,-1,-1
8500,14b_k_mi_mi_idx_mk.sql,1.6666666666666665,1.0,1.0,1.0,44130,44130.0,44130,-1,-1,-1
8500,14b_kt_mi_idx_mk_t.sql,0.8134920634920635,3.5595238095238093,1.0,1.4047619047619047,299,84.0,118,-1,-1,-1
8500,15a_at_cn_mc_mi.sql,0.7629911280101394,167.39163498098858,1.0,169.49049429657794,44024,263.0,44576,-1,-1,-1
8500,15b_at_cn_mc_t.sql,1.6666666666666667,1.0,1.0,1.0,331.0,331.0,331,-1,-1,-1
8500,15d_at_cn_ct_mc.sql,1.374665620888994,1.876003137333018,1.0,1.0,4520586,2409690.0,2409690,-1,-1,-1
8500,16a_ci_cn_mc_n.sql,1.6666666666666665,1.0,1.0,1.0,65732256,65732256.0,65732256,-1,-1,-1
8500,19b_ci_cn_mc_n.sql,0.9094319399785638,172.35369774919613,1.0,1.0,107204,622.0,622,-1,-1,-1
8500,19d_an_ci_mi_n.sql,1.2041448289502257,2.3875655131493234,1.0,1.0117593398233393,16771559,7024544.0,7107148,-1,-1,-1
8500,19d_ci_it_mi_n.sql,0.8784870102951091,3.3645389691146725,1.0,1.4332090566260012,12566368,3734945.0,5352957,-1,-1,-1
8500,20c_cc_cct2_mk_t.sql,1.6666666666666665,1.0,1.0,1.1765173524228913,545918.0,545918.0,642282,-1,-1,-1
8500,22a_ct_it2_mc_mi_idx.sql,1.6666666666666667,1.0,1.0,1.0,594141,594141.0,594141,-1,-1,-1
8500,22a_it1_mi_mk_t.sql,1.4724773539387253,1.582567938183825,1.0,1.582567938183825,1144271,723047.0,1144271,-1,-1,-1
8500,22b_cn_ct_mc_mi_idx.sql,1.5508511134001677,1.3474466597994967,1.0,1.2191503920678948,1285867,954299.0,1163434,-1,-1,-1
8500,22b_k_mc_mi_idx_mk.sql,1.6656681920590621,1.0029954238228134,1.0,1.0029954238228134,338191,337181.0,338191,-1,-1,-1
8500,22d_cn_ct_mc_mi_idx.sql,1.3957871127423411,1.8126386617729764,1.0,1.0,8650644,4772404.0,4772404,-1,-1,-1
8500,22d_ct_mc_mk_t.sql,1.6053991022216014,1.1838026933351955,1.0,1.7923369529984199,14188305,11985363.0,21481809,-1,-1,-1
8500,24a_an_ci_mc_rt.sql,1.6666666666666667,1.0,1.0,1.0,1711364.0,1711364.0,1711364,-1,-1,-1
8500,24a_chn_ci_mc_rt.sql,1.666666666666667,1.0,1.0,1.0,958522,958522.0,958522,-1,-1,-1
8500,24a_ci_it_mc_mi.sql,0.9677467532008455,3.0967597403974634,1.0,1.2219824386519331,2336146,754384.0,921844,-1,-1,-1
8500,24a_ci_it_mi_mk.sql,0.9157192169889079,3.2528423490332763,1.0,1.081850267677649,6655091,2045931.0,2213391,-1,-1,-1
8500,24a_ci_it_mi_n.sql,1.6666666666666665,1.0,1.0,50.773521192361436,8588,8588.0,436043,-1,-1,-1
8500,24a_mc_mi_mk_t.sql,1.6546237710356388,1.0361286868930832,1.0,1.0214157034029785,6066004,5854489.0,5979867,-1,-1,-1
8500,25b_it2_k_mi_idx_mk.sql,1.2810833810284064,2.1567498569147814,1.0,1.0,572781,265576.0,265576,-1,-1,-1
8500,26a_cc_cct2_it2_mi_idx.sql,1.6218612756161708,1.1344161731514883,1.0,1.7496479484557959,117614,103678.0,181400,-1,-1,-1
8500,26b_ci_it2_mi_idx_n.sql,1.6666666666666665,1.0,1.0,1.0,1472411.0,1472411.0,1472411,-1,-1,-1
8500,27a_cc_cct2_ct_mc.sql,1.6666666666666667,1.0,1.0,1.0,349140.0,349140.0,349140,-1,-1,-1
8500,27b_cc_ct_mc_mk.sql,1.3315516054920395,2.005345183523882,1.0,1.3059464760084802,6781173,3381549.0,4416122,-1,-1,-1
8500,27b_cc_lt_mk_ml.sql,0.6807011795543905,356.68643512450853,1.0,1.0,2177214,6104.0,6104,-1,-1,-1
8500,27c_cc_cct1_mc_mk.sql,1.6577241033957841,1.0268276898126476,1.0,1.0,2809915,2736501.0,2736501,-1,-1,-1
8500,27c_cc_cct2_ml_t.sql,0.781732754324767,8.546664768277925,1.0,17.83597921264327,120055,14047.0,250542,-1,-1,-1
8500,28c_cc_cct1_cct2_mc.sql,1.648114459652665,1.055656621042005,1.0,1.0,206004,195143.0,195143,-1,-1,-1
8500,28c_cc_cct2_mc_mi_idx.sql,1.436772070595657,1.6896837882130287,1.0,1.022009152320767,566039,334997.0,342370,-1,-1,-1
8500,28c_cc_cct2_mi_mk.sql,0.69566790840564,3.9129962747830804,1.0,1.0077361011319927,5424305,1386228.0,1396952,-1,-1,-1
8500,29a_an_chn_ci_n.sql,0.6875000000000001,110.57291666666667,1.0,1.0,10615,96.0,96,-1,-1,-1
8500,29a_cc_ci_k_mk.sql,0.677496991576414,25.272202166064982,1.0,2.545487364620939,70004,2770.0,7051,-1,-1,-1
8500,29b_an_ci_k_mk.sql,1.6666666666666667,1.0,1.0,1.0,13286,13286.0,13286,-1,-1,-1
8500,29b_cc_cct1_ci_mk.sql,1.6614397240897563,1.0156808277307314,1.0,1.0156808277307314,1205863,1187246.0,1205863,-1,-1,-1
8500,30b_it2_k_mi_idx_mk.sql,0.4744357189314191,12.000511887842363,1.0,1.0,3985418,332104.0,332104,-1,-1,-1
8500,30c_cc_cct1_cct2_ci.sql,0.9166087023726718,3.2501738928819845,1.0,2.2306012829430406,168216,51756.0,115447,-1,-1,-1
8500,30c_cc_cct2_ci_t.sql,0.3987592665780427,4.803722200265871,1.0,1.1626666187619012,267404,55666.0,64721,-1,-1,-1
8500,31b_ci_mc_mk_t.sql,-0.32911276263877415,911.5119735755574,1.0,2.050371593724195,3311523,3633.0,7449,-1,-1,-1
8500,31c_cn_it1_mc_mi.sql,1.6666666666666665,1.0,1.0,1.0,4618,4618.0,4618,-1,-1,-1
8500,33b_cn2_mc1_mc2_ml.sql,1.242830078064735,2.271509765805795,1.0,1.0,3680868,1620450.0,1620450,-1,-1,-1
8500,5b_it_mc_mi_t.sql,1.0,100.0,1.0,100.0,552777,0,3536,-1,-1,-1
8500,7c_ci_lt_ml_t.sql,1.2186169590565739,2.344149122830279,1.0,1.0014134069471736,2651957,1131309.0,1132908,-1,-1,-1
8500,8c_ci_cn_mc_rt.sql,1.6666666666666667,1.0,1.0,1.563271869899865,5853399,5853399.0,9150454,-1,-1,-1
8500,9a_ci_cn_mc_rt.sql,1.3226548143856758,2.032035556842972,1.0,1.0,897924,441884.0,441884,-1,-1,-1
8500,9a_ci_n_rt_t.sql,0.742218875502008,208.7296686746988,1.0,1.3215361445783131,277193,1328.0,1755,-1,-1,-1
8500,9b_ci_cn_mc_n.sql,1.6666666666666665,1.0,1.0,1.0,622,622.0,622,-1,-1,-1
9000,10b_ci_mc_rt_t.sql,1.0,20234.076923076922,1.0,1.0,263043,13.0,13,-1,-1,-1
9000,14b_k_mi_mi_idx_mk.sql,1.6666666666666665,1.0,1.0,1.0,44130,44130.0,44130,-1,-1,-1
9000,14b_kt_mi_idx_mk_t.sql,0.5674603174603174,34860.619047619046,1.0,1.4047619047619047,2928292,84.0,118,-1,-1,-1
9000,15a_at_cn_mc_mi.sql,0.7629911280101394,167.39163498098858,1.0,169.49049429657794,44024,263.0,44576,-1,-1,-1
9000,15b_at_cn_mc_t.sql,-0.02618328298086603,138.0,1.0,1.0,45678,331.0,331,-1,-1,-1
9000,15d_at_cn_ct_mc.sql,1.374665620888994,1.876003137333018,1.0,1.0,4520586,2409690.0,2409690,-1,-1,-1
9000,16a_ci_cn_mc_n.sql,1.6666666666666665,1.0,1.0,1.0,65732256.0,65732256.0,65732256,-1,-1,-1
9000,19b_ci_cn_mc_n.sql,0.9094319399785638,172.35369774919613,1.0,1.0,107204,622.0,622,-1,-1,-1
9000,19d_an_ci_mi_n.sql,1.2041448289502257,2.3875655131493234,1.0,1.0117593398233393,16771559,7024544.0,7107148,-1,-1,-1
9000,19d_ci_it_mi_n.sql,1.522263647791333,1.4332090566260012,1.0,1.4332090566260012,5352957,3734945.0,5352957,-1,-1,-1
9000,20c_cc_cct2_mk_t.sql,1.404263399753565,1.7872098007393051,1.0,1.1765173524228913,975670,545918.0,642282,-1,-1,-1
9000,22a_ct_it2_mc_mi_idx.sql,1.6666666666666667,1.0,1.0,1.0,594141.0,594141.0,594141,-1,-1,-1
9000,22a_it1_mi_mk_t.sql,1.4724773539387253,1.582567938183825,1.0,1.582567938183825,1144271,723047.0,1144271,-1,-1,-1
9000,22b_cn_ct_mc_mi_idx.sql,1.5508511134001677,1.3474466597994967,1.0,1.2191503920678948,1285867,954299.0,1163434,-1,-1,-1
9000,22b_k_mc_mi_idx_mk.sql,1.6656681920590621,1.0029954238228134,1.0,1.0029954238228134,338191,337181.0,338191,-1,-1,-1
9000,22d_cn_ct_mc_mi_idx.sql,1.3957871127423411,1.8126386617729764,1.0,1.0,8650644,4772404.0,4772404,-1,-1,-1
9000,22d_ct_mc_mk_t.sql,0.45601094156820005,4.6319671752954,1.0,1.7923369529984199,55515808,11985363.0,21481809,-1,-1,-1
9000,24a_an_ci_mc_rt.sql,1.3628310517224858,1.911506844832543,1.0,1.0,3271284,1711364.0,1711364,-1,-1,-1
9000,24a_chn_ci_mc_rt.sql,1.666666666666667,1.0,1.0,1.0,958522,958522.0,958522,-1,-1,-1
9000,24a_ci_it_mc_mi.sql,1.5926725204493557,1.2219824386519331,1.0,1.2219824386519331,921844,754384.0,921844,-1,-1,-1
9000,24a_ci_it_mi_mk.sql,1.6666666666666665,1.0,1.0,1.081850267677649,2045931,2045931.0,2213391,-1,-1,-1
9000,24a_ci_it_mi_n.sql,0.9210526315789473,15.814741499767116,1.0,50.773521192361436,135817,8588.0,436043,-1,-1,-1
9000,24a_mc_mi_mk_t.sql,1.6546237710356388,1.0361286868930832,1.0,1.0214157034029785,6066004,5854489.0,5979867,-1,-1,-1
9000,25b_it2_k_mi_idx_mk.sql,1.2810833810284064,2.1567498569147814,1.0,1.0,572781,265576.0,265576,-1,-1,-1
9000,26a_cc_cct2_it2_mi_idx.sql,1.3285299999356983,2.014410000192905,1.0,1.7496479484557959,208850,103678.0,181400,-1,-1,-1
9000,26b_ci_it2_mi_idx_n.sql,0.8315393369559632,25.121025311546845,1.0,1.0,36988474,1472411.0,1472411,-1,-1,-1
9000,27a_cc_cct2_ct_mc.sql,1.603124820988715,1.1906255370338545,1.0,1.0,415695,349140.0,349140,-1,-1,-1
9000,27b_cc_ct_mc_mk.sql,1.6666666666666667,1.0,1.0,1.3059464760084802,3381549.0,3381549.0,4416122,-1,-1,-1
9000,27b_cc_lt_mk_ml.sql,0.7226955002184359,3.831913499344692,1.0,1.0,23390,6104.0,6104,-1,-1,-1
9000,27c_cc_cct1_mc_mk.sql,0.4401039868065094,4.679688039580472,1.0,1.0,12805971,2736501.0,2736501,-1,-1,-1
9000,27c_cc_cct2_ml_t.sql,-0.10913362283761652,17.83597921264327,1.0,17.83597921264327,250542,14047.0,250542,-1,-1,-1
9000,28c_cc_cct1_cct2_mc.sql,1.656984877756312,1.029045366731064,1.0,1.0,200811,195143.0,195143,-1,-1,-1
9000,28c_cc_cct2_mc_mi_idx.sql,0.930109821879002,3.2096705343629943,1.0,1.022009152320767,1075230,334997.0,342370,-1,-1,-1
9000,28c_cc_cct2_mi_mk.sql,1.6666666666666667,1.0,1.0,1.0077361011319927,1386228,1386228.0,1396952,-1,-1,-1
9000,29a_an_chn_ci_n.sql,-0.04861111111111105,18532.34375,1.0,1.0,1779105,96.0,96,-1,-1,-1
9000,29a_cc_ci_k_mk.sql,0.7164861612515042,784.7375451263538,1.0,2.545487364620939,2173723,2770.0,7051,-1,-1,-1
9000,29b_an_ci_k_mk.sql,1.6666666666666667,1.0,1.0,1.0,13286.0,13286.0,13286,-1,-1,-1
9000,29b_cc_cct1_ci_mk.sql,1.6666666666666667,1.0,1.0,1.0156808277307314,1187246,1187246.0,1205863,-1,-1,-1
9000,30b_it2_k_mi_idx_mk.sql,0.4744357189314191,12.000511887842363,1.0,1.0,3985418,332104.0,332104,-1,-1,-1
9000,30c_cc_cct1_cct2_ci.sql,1.2564662390189865,2.2306012829430406,1.0,2.2306012829430406,115447,51756.0,115447,-1,-1,-1
9000,30c_cc_cct2_ci_t.sql,0.3987592665780427,4.803722200265871,1.0,1.1626666187619012,267404,55666.0,64721,-1,-1,-1
9000,31b_ci_mc_mk_t.sql,1.6099642169006332,1.1701073492981007,1.0,2.050371593724195,4251,3633.0,7449,-1,-1,-1
9000,31c_cn_it1_mc_mi.sql,0.7700303161541793,41.09571242962321,1.0,1.0,189780,4618.0,4618,-1,-1,-1
9000,33b_cn2_mc1_mc2_ml.sql,1.2016279428553795,2.395116171433861,1.0,1.0,3881166,1620450.0,1620450,-1,-1,-1
9000,5b_it_mc_mi_t.sql,1.6666666666666665,100.0,1.0,100.0,1,0,3536,-1,-1,-1
9000,7c_ci_lt_ml_t.sql,1.6661955310176089,1.0014134069471736,1.0,1.0014134069471736,1132908,1131309.0,1132908,-1,-1,-1
9000,8c_ci_cn_mc_rt.sql,1.6666666666666667,1.0,1.0,1.563271869899865,5853399,5853399.0,9150454,-1,-1,-1
9000,9a_ci_cn_mc_rt.sql,1.6402683358830221,1.0791949923509336,1.0,1.0,476879,441884.0,441884,-1,-1,-1
9000,9a_ci_n_rt_t.sql,1.5594879518072289,1.3215361445783131,1.0,1.3215361445783131,1755,1328.0,1755,-1,-1,-1
9000,9b_ci_cn_mc_n.sql,0.7132904608788853,285.53054662379424,1.0,1.0,177600,622.0,622,-1,-1,-1
9500,10b_ci_mc_rt_t.sql,1.0,20234.076923076922,1.0,1.0,263043,13.0,13,-1,-1,-1
9500,14b_k_mi_mi_idx_mk.sql,1.6261046906866077,1.1216859279401767,1.0,1.0,49500,44130.0,44130,-1,-1,-1
9500,14b_kt_mi_idx_mk_t.sql,-0.015873015873015817,10.714285714285714,1.0,1.4047619047619047,900,84.0,118,-1,-1,-1
9500,15a_at_cn_mc_mi.sql,0.0633713561470216,169.49049429657794,1.0,169.49049429657794,44576,263.0,44576,-1,-1,-1
9500,15b_at_cn_mc_t.sql,1.4380664652567976,1.6858006042296072,1.0,1.0,558,331.0,331,-1,-1,-1
9500,15d_at_cn_ct_mc.sql,1.374665620888994,1.876003137333018,1.0,1.0,4520586,2409690.0,2409690,-1,-1,-1
9500,16a_ci_cn_mc_n.sql,1.6666666666666665,1.0,1.0,1.0,65732256.0,65732256.0,65732256,-1,-1,-1
9500,19b_ci_cn_mc_n.sql,1.6666666666666665,1.0,1.0,1.0,622,622.0,622,-1,-1,-1
9500,19d_an_ci_mi_n.sql,1.6666666666666667,1.0,1.0,1.0117593398233393,7024544,7024544.0,7107148,-1,-1,-1
9500,19d_ci_it_mi_n.sql,1.6666666666666667,1.0,1.0,1.4332090566260012,3734945,3734945.0,5352957,-1,-1,-1
9500,20c_cc_cct2_mk_t.sql,1.404263399753565,1.7872098007393051,1.0,1.1765173524228913,975670,545918.0,642282,-1,-1,-1
9500,22a_ct_it2_mc_mi_idx.sql,1.6666666666666667,1.0,1.0,1.0,594141,594141.0,594141,-1,-1,-1
9500,22a_it1_mi_mk_t.sql,1.6666666666666667,1.0,1.0,1.582567938183825,723047.0,723047.0,1144271,-1,-1,-1
9500,22b_cn_ct_mc_mi_idx.sql,1.5508511134001677,1.3474466597994967,1.0,1.2191503920678948,1285867,954299.0,1163434,-1,-1,-1
9500,22b_k_mc_mi_idx_mk.sql,1.2316273257785384,2.305118022664385,1.0,1.0029954238228134,777242,337181.0,338191,-1,-1,-1
9500,22d_cn_ct_mc_mi_idx.sql,1.6666666666666665,1.0,1.0,1.0,4772404,4772404.0,4772404,-1,-1,-1
9500,22d_ct_mc_mk_t.sql,1.4025543490005268,1.7923369529984199,1.0,1.7923369529984199,21481809,11985363.0,21481809,-1,-1,-1
9500,24a_an_ci_mc_rt.sql,1.6666666666666667,1.0,1.0,1.0,1711364,1711364.0,1711364,-1,-1,-1
9500,24a_chn_ci_mc_rt.sql,1.590725443269256,1.2278236701922334,1.0,1.0,1176896,958522.0,958522,-1,-1,-1
9500,24a_ci_it_mc_mi.sql,1.5926725204493557,1.2219824386519331,1.0,1.2219824386519331,921844,754384.0,921844,-1,-1,-1
9500,24a_ci_it_mi_mk.sql,1.6666666666666665,1.0,1.0,1.081850267677649,2045931,2045931.0,2213391,-1,-1,-1
9500,24a_ci_it_mi_n.sql,0.9210526315789473,15.814741499767116,1.0,50.773521192361436,135817,8588.0,436043,-1,-1,-1
9500,24a_mc_mi_mk_t.sql,1.6666666666666667,1.0,1.0,1.0214157034029785,5854489,5854489.0,5979867,-1,-1,-1
9500,25b_it2_k_mi_idx_mk.sql,1.2810833810284064,2.1567498569147814,1.0,1.0,572781,265576.0,265576,-1,-1,-1
9500,26a_cc_cct2_it2_mi_idx.sql,1.6218612756161708,1.1344161731514883,1.0,1.7496479484557959,117614,103678.0,181400,-1,-1,-1
9500,26b_ci_it2_mi_idx_n.sql,1.6666666666666665,1.0,1.0,1.0,1472411,1472411.0,1472411,-1,-1,-1
9500,27a_cc_cct2_ct_mc.sql,1.603124820988715,1.1906255370338545,1.0,1.0,415695,349140.0,349140,-1,-1,-1
9500,27b_cc_ct_mc_mk.sql,0.9897594268188927,3.0307217195433216,1.0,1.3059464760084802,10248534,3381549.0,4416122,-1,-1,-1
9500,27b_cc_lt_mk_ml.sql,1.6666666666666665,1.0,1.0,1.0,6104,6104.0,6104,-1,-1,-1
9500,27c_cc_cct1_mc_mk.sql,1.6577241033957841,1.0268276898126476,1.0,1.0,2809915,2736501.0,2736501,-1,-1,-1
9500,27c_cc_cct2_ml_t.sql,0.781732754324767,8.546664768277925,1.0,17.83597921264327,120055,14047.0,250542,-1,-1,-1
9500,28c_cc_cct1_cct2_mc.sql,1.656984877756312,1.029045366731064,1.0,1.0,200811,195143.0,195143,-1,-1,-1
9500,28c_cc_cct2_mc_mi_idx.sql,1.436772070595657,1.6896837882130287,1.0,1.022009152320767,566039,334997.0,342370,-1,-1,-1
9500,28c_cc_cct2_mi_mk.sql,0.8839498264354781,3.3481505206935656,1.0,1.0077361011319927,4641300,1386228.0,1396952,-1,-1,-1
9500,29a_an_chn_ci_n.sql,0.9305555555555556,68.375,1.0,1.0,6564,96.0,96,-1,-1,-1
9500,29a_cc_ci_k_mk.sql,0.7164861612515042,784.7375451263538,1.0,2.545487364620939,2173723,2770.0,7051,-1,-1,-1
9500,29b_an_ci_k_mk.sql,1.6666666666666667,1.0,1.0,1.0,13286.0,13286.0,13286,-1,-1,-1
9500,29b_cc_cct1_ci_mk.sql,1.6666666666666667,1.0,1.0,1.0156808277307314,1187246,1187246.0,1205863,-1,-1,-1
9500,30b_it2_k_mi_idx_mk.sql,1.397437750423562,1.8076867487293138,1.0,1.0,600340,332104.0,332104,-1,-1,-1
9500,30c_cc_cct1_cct2_ci.sql,0.7179843882834841,3.846046835149548,1.0,2.2306012829430406,199056,51756.0,115447,-1,-1,-1
9500,30c_cc_cct2_ci_t.sql,1.1146301153307223,2.6561096540078326,1.0,1.1626666187619012,147855,55666.0,64721,-1,-1,-1
9500,31b_ci_mc_mk_t.sql,1.6099642169006332,1.1701073492981007,1.0,2.050371593724195,4251,3633.0,7449,-1,-1,-1
9500,31c_cn_it1_mc_mi.sql,0.7700303161541793,41.09571242962321,1.0,1.0,189780,4618.0,4618,-1,-1,-1
9500,33b_cn2_mc1_mc2_ml.sql,1.6666666666666665,1.0,1.0,1.0,1620450.0,1620450.0,1620450,-1,-1,-1
9500,5b_it_mc_mi_t.sql,1.0,100.0,1.0,100.0,1768,0,3536,-1,-1,-1
9500,7c_ci_lt_ml_t.sql,1.6666666666666665,1.0,1.0,1.0014134069471736,1131309.0,1131309.0,1132908,-1,-1,-1
9500,8c_ci_cn_mc_rt.sql,1.6666666666666667,1.0,1.0,1.563271869899865,5853399,5853399.0,9150454,-1,-1,-1
9500,9a_ci_cn_mc_rt.sql,1.6666666666666665,1.0,1.0,1.0,441884,441884.0,441884,-1,-1,-1
9500,9a_ci_n_rt_t.sql,1.5594879518072289,1.3215361445783131,1.0,1.3215361445783131,1755,1328.0,1755,-1,-1,-1
9500,9b_ci_cn_mc_n.sql,1.6666666666666665,1.0,1.0,1.0,622,622.0,622,-1,-1,-1
10000,10b_ci_mc_rt_t.sql,1.0,20234.076923076922,1.0,1.0,263043,13.0,13,-1,-1,-1
10000,14b_k_mi_mi_idx_mk.sql,0.7736082785708891,92.70115567641061,1.0,1.0,4090902,44130.0,44130,-1,-1,-1
10000,14b_kt_mi_idx_mk_t.sql,-0.015873015873015817,10.714285714285714,1.0,1.4047619047619047,900,84.0,118,-1,-1,-1
10000,15a_at_cn_mc_mi.sql,1.6666666666666665,1.0,1.0,169.49049429657794,263,263.0,44576,-1,-1,-1
10000,15b_at_cn_mc_t.sql,0.6938569989929507,137.33232628398792,1.0,1.0,45457,331.0,331,-1,-1,-1
10000,15d_at_cn_ct_mc.sql,1.3926088694673036,1.8221733915980893,1.0,1.0,4390873,2409690.0,2409690,-1,-1,-1
10000,16a_ci_cn_mc_n.sql,1.6666666666666665,1.0,1.0,1.0,65732256.0,65732256.0,65732256,-1,-1,-1
10000,19b_ci_cn_mc_n.sql,1.6666666666666665,1.0,1.0,1.0,622,622.0,622,-1,-1,-1
10000,19d_an_ci_mi_n.sql,1.0752056408691202,2.7743830773926392,1.0,1.0117593398233393,19488776,7024544.0,7107148,-1,-1,-1
10000,19d_ci_it_mi_n.sql,1.522263647791333,1.4332090566260012,1.0,1.4332090566260012,5352957,3734945.0,5352957,-1,-1,-1
10000,20c_cc_cct2_mk_t.sql,1.6666666666666665,1.0,1.0,1.1765173524228913,545918,545918.0,642282,-1,-1,-1
10000,22a_ct_it2_mc_mi_idx.sql,1.6666666666666667,1.0,1.0,1.0,594141,594141.0,594141,-1,-1,-1
10000,22a_it1_mi_mk_t.sql,1.4724773539387253,1.582567938183825,1.0,1.582567938183825,1144271,723047.0,1144271,-1,-1,-1
10000,22b_cn_ct_mc_mi_idx.sql,1.49697142439983,1.50908572680051,1.0,1.2191503920678948,1440119,954299.0,1163434,-1,-1,-1
10000,22b_k_mc_mi_idx_mk.sql,1.6656681920590621,1.0029954238228134,1.0,1.0029954238228134,338191,337181.0,338191,-1,-1,-1
10000,22d_cn_ct_mc_mi_idx.sql,1.6149389978998703,1.1551830063003887,1.0,1.0,5513000,4772404.0,4772404,-1,-1,-1
10000,22d_ct_mc_mk_t.sql,0.45601094156820005,4.6319671752954,1.0,1.7923369529984199,55515808,11985363.0,21481809,-1,-1,-1
10000,24a_an_ci_mc_rt.sql,1.6666666666666667,1.0,1.0,1.0,1711364,1711364.0,1711364,-1,-1,-1
10000,24a_chn_ci_mc_rt.sql,1.590725443269256,1.2278236701922334,1.0,1.0,1176896,958522.0,958522,-1,-1,-1
10000,24a_ci_it_mc_mi.sql,1.5926725204493557,1.2219824386519331,1.0,1.2219824386519331,921844,754384.0,921844,-1,-1,-1
10000,24a_ci_it_mi_mk.sql,1.6393832441074503,1.081850267677649,1.0,1.081850267677649,2213391,2045931.0,2213391,-1,-1,-1
10000,24a_ci_it_mi_n.sql,0.9210526315789473,15.814741499767116,1.0,50.773521192361436,135817,8588.0,436043,-1,-1,-1
10000,24a_mc_mi_mk_t.sql,1.6595280988656738,1.0214157034029785,1.0,1.0214157034029785,5979867,5854489.0,5979867,-1,-1,-1
10000,25b_it2_k_mi_idx_mk.sql,1.2810833810284064,2.1567498569147814,1.0,1.0,572781,265576.0,265576,-1,-1,-1
10000,26a_cc_cct2_it2_mi_idx.sql,1.3285299999356983,2.014410000192905,1.0,1.7496479484557959,208850,103678.0,181400,-1,-1,-1
10000,26b_ci_it2_mi_idx_n.sql,1.6666666666666665,1.0,1.0,1.0,1472411,1472411.0,1472411,-1,-1,-1
10000,27a_cc_cct2_ct_mc.sql,0.7552653185923508,4.153829409405969,1.0,1.0,1450268,349140.0,349140,-1,-1,-1
10000,27b_cc_ct_mc_mk.sql,1.5646845079971734,1.3059464760084802,1.0,1.3059464760084802,4416122,3381549.0,4416122,-1,-1,-1
10000,27b_cc_lt_mk_ml.sql,0.7226955002184359,3.831913499344692,1.0,1.0,23390,6104.0,6104,-1,-1,-1
10000,27c_cc_cct1_mc_mk.sql,0.8611481109148751,3.4165556672553747,1.0,1.0,9349408,2736501.0,2736501,-1,-1,-1
10000,27c_cc_cct2_ml_t.sql,0.7758002895042833,10.289314444365345,1.0,17.83597921264327,144534,14047.0,250542,-1,-1,-1
10000,28c_cc_cct1_cct2_mc.sql,1.6276388767894998,1.117083369631501,1.0,1.0,217991,195143.0,195143,-1,-1,-1
10000,28c_cc_cct2_mc_mi_idx.sql,1.6666666666666667,1.0,1.0,1.022009152320767,334997,334997.0,342370,-1,-1,-1
10000,28c_cc_cct2_mi_mk.sql,1.6666666666666667,1.0,1.0,1.0077361011319927,1386228,1386228.0,1396952,-1,-1,-1
10000,29a_an_chn_ci_n.sql,0.6875000000000001,110.57291666666667,1.0,1.0,10615,96.0,96,-1,-1,-1
10000,29a_cc_ci_k_mk.sql,0.677496991576414,25.272202166064982,1.0,2.545487364620939,70004,2770.0,7051,-1,-1,-1
10000,29b_an_ci_k_mk.sql,1.6666666666666667,1.0,1.0,1.0,13286.0,13286.0,13286,-1,-1,-1
10000,29b_cc_cct1_ci_mk.sql,1.6614397240897563,1.0156808277307314,1.0,1.0156808277307314,1205863,1187246.0,1205863,-1,-1,-1
10000,30b_it2_k_mi_idx_mk.sql,1.397437750423562,1.8076867487293138,1.0,1.0,600340,332104.0,332104,-1,-1,-1
10000,30c_cc_cct1_cct2_ci.sql,0.7179843882834841,3.846046835149548,1.0,2.2306012829430406,199056,51756.0,115447,-1,-1,-1
10000,30c_cc_cct2_ci_t.sql,1.6666666666666667,1.0,1.0,1.1626666187619012,55666,55666.0,64721,-1,-1,-1
10000,31b_ci_mc_mk_t.sql,1.6099642169006332,1.1701073492981007,1.0,2.050371593724195,4251,3633.0,7449,-1,-1,-1
10000,31c_cn_it1_mc_mi.sql,0.7700303161541793,41.09571242962321,1.0,1.0,189780,4618.0,4618,-1,-1,-1
10000,33b_cn2_mc1_mc2_ml.sql,1.242830078064735,2.271509765805795,1.0,1.0,3680868,1620450.0,1620450,-1,-1,-1
10000,5b_it_mc_mi_t.sql,2.0,-1,1.0,-1,0,0,3536,-1,-1,-1
10000,7c_ci_lt_ml_t.sql,0.6703777070043051,22.151962903150245,1.0,1.0014134069471736,25060715,1131309.0,1132908,-1,-1,-1
10000,8c_ci_cn_mc_rt.sql,1.478909376700045,1.563271869899865,1.0,1.563271869899865,9150454,5853399.0,9150454,-1,-1,-1
10000,9a_ci_cn_mc_rt.sql,1.6402683358830221,1.0791949923509336,1.0,1.0,476879,441884.0,441884,-1,-1,-1
10000,9a_ci_n_rt_t.sql,0.742218875502008,208.7296686746988,1.0,1.3215361445783131,277193,1328.0,1755,-1,-1,-1
10000,9b_ci_cn_mc_n.sql,1.6666666666666665,1.0,1.0,1.0,622,622.0,622,-1,-1,-1
10500,10b_ci_mc_rt_t.sql,1.6666666666666665,1.0,1.0,1.0,13.0,13.0,13,-1,-1,-1
10500,14b_k_mi_mi_idx_mk.sql,0.7582974544905206,5.291525039655563,1.0,1.0,233515,44130.0,44130,-1,-1,-1
10500,14b_kt_mi_idx_mk_t.sql,0.7023809523809523,4.476190476190476,1.0,1.4047619047619047,376,84.0,118,-1,-1,-1
10500,15a_at_cn_mc_mi.sql,0.8136882129277567,80.27376425855513,1.0,169.49049429657794,21112,263.0,44576,-1,-1,-1
10500,15b_at_cn_mc_t.sql,1.4380664652567976,1.6858006042296072,1.0,1.0,558,331.0,331,-1,-1,-1
10500,15d_at_cn_ct_mc.sql,1.3926088694673036,1.8221733915980893,1.0,1.0,4390873,2409690.0,2409690,-1,-1,-1
10500,16a_ci_cn_mc_n.sql,1.6666666666666665,1.0,1.0,1.0,65732256,65732256.0,65732256,-1,-1,-1
10500,19b_ci_cn_mc_n.sql,0.7132904608788853,285.53054662379424,1.0,1.0,177600,622.0,622,-1,-1,-1
10500,19d_an_ci_mi_n.sql,1.54850041986118,1.3544987404164597,1.0,1.0117593398233393,9514736,7024544.0,7107148,-1,-1,-1
10500,19d_ci_it_mi_n.sql,0.7765116576906309,3.6704650269281074,1.0,1.4332090566260012,13708985,3734945.0,5352957,-1,-1,-1
10500,20c_cc_cct2_mk_t.sql,1.6666666666666665,1.0,1.0,1.1765173524228913,545918,545918.0,642282,-1,-1,-1
10500,22a_ct_it2_mc_mi_idx.sql,1.5722676379288194,1.283197086213542,1.0,1.0,762400,594141.0,594141,-1,-1,-1
10500,22a_it1_mi_mk_t.sql,1.6666666666666667,1.0,1.0,1.582567938183825,723047.0,723047.0,1144271,-1,-1,-1
10500,22b_cn_ct_mc_mi_idx.sql,1.647496224977706,1.0575113250668815,1.0,1.2191503920678948,1009182,954299.0,1163434,-1,-1,-1
10500,22b_k_mc_mi_idx_mk.sql,1.2316273257785384,2.305118022664385,1.0,1.0029954238228134,777242,337181.0,338191,-1,-1,-1
10500,22d_cn_ct_mc_mi_idx.sql,1.3957871127423411,1.8126386617729764,1.0,1.0,8650644,4772404.0,4772404,-1,-1,-1
10500,22d_ct_mc_mk_t.sql,1.6171760226758811,1.1484719319723566,1.0,1.7923369529984199,13764853,11985363.0,21481809,-1,-1,-1
10500,24a_an_ci_mc_rt.sql,1.6666666666666667,1.0,1.0,1.0,1711364,1711364.0,1711364,-1,-1,-1
10500,24a_chn_ci_mc_rt.sql,1.666666666666667,1.0,1.0,1.0,958522,958522.0,958522,-1,-1,-1
10500,24a_ci_it_mc_mi.sql,1.5926725204493557,1.2219824386519331,1.0,1.2219824386519331,921844,754384.0,921844,-1,-1,-1
10500,24a_ci_it_mi_mk.sql,1.6666666666666665,1.0,1.0,1.081850267677649,2045931,2045931.0,2213391,-1,-1,-1
10500,24a_ci_it_mi_n.sql,0.706140350877193,35.95877969259432,1.0,50.773521192361436,308814,8588.0,436043,-1,-1,-1
10500,24a_mc_mi_mk_t.sql,1.5559880062404534,1.3320359812786393,1.0,1.0214157034029785,7798390,5854489.0,5979867,-1,-1,-1
10500,25b_it2_k_mi_idx_mk.sql,1.2810833810284064,2.1567498569147814,1.0,1.0,572781,265576.0,265576,-1,-1,-1
10500,26a_cc_cct2_it2_mi_idx.sql,1.6218612756161708,1.1344161731514883,1.0,1.7496479484557959,117614,103678.0,181400,-1,-1,-1
10500,26b_ci_it2_mi_idx_n.sql,1.6666666666666665,1.0,1.0,1.0,1472411,1472411.0,1472411,-1,-1,-1
10500,27a_cc_cct2_ct_mc.sql,1.603124820988715,1.1906255370338545,1.0,1.0,415695,349140.0,349140,-1,-1,-1
10500,27b_cc_ct_mc_mk.sql,0.9897594268188927,3.0307217195433216,1.0,1.3059464760084802,10248534,3381549.0,4416122,-1,-1,-1
10500,27b_cc_lt_mk_ml.sql,-0.1508846657929227,50.66628440366973,1.0,1.0,309267,6104.0,6104,-1,-1,-1
10500,27c_cc_cct1_mc_mk.sql,1.2391614936982178,2.2825155189053468,1.0,1.0,6246106,2736501.0,2736501,-1,-1,-1
10500,27c_cc_cct2_ml_t.sql,0.781732754324767,8.546664768277925,1.0,17.83597921264327,120055,14047.0,250542,-1,-1,-1
10500,28c_cc_cct1_cct2_mc.sql,1.6276388767894998,1.117083369631501,1.0,1.0,217991,195143.0,195143,-1,-1,-1
10500,28c_cc_cct2_mc_mi_idx.sql,1.6666666666666667,1.0,1.0,1.022009152320767,334997,334997.0,342370,-1,-1,-1
10500,28c_cc_cct2_mi_mk.sql,1.6666666666666667,1.0,1.0,1.0077361011319927,1386228,1386228.0,1396952,-1,-1,-1
10500,29a_an_chn_ci_n.sql,0.6875000000000001,110.57291666666667,1.0,1.0,10615,96.0,96,-1,-1,-1
10500,29a_cc_ci_k_mk.sql,0.7164861612515042,784.7375451263538,1.0,2.545487364620939,2173723,2770.0,7051,-1,-1,-1
10500,29b_an_ci_k_mk.sql,1.6666666666666667,1.0,1.0,1.0,13286,13286.0,13286,-1,-1,-1
10500,29b_cc_cct1_ci_mk.sql,1.6666666666666667,1.0,1.0,1.0156808277307314,1187246,1187246.0,1205863,-1,-1,-1
10500,30b_it2_k_mi_idx_mk.sql,0.4744357189314191,12.000511887842363,1.0,1.0,3985418,332104.0,332104,-1,-1,-1
10500,30c_cc_cct1_cct2_ci.sql,1.0729255223226937,2.781223433031919,1.0,2.2306012829430406,143945,51756.0,115447,-1,-1,-1
10500,30c_cc_cct2_ci_t.sql,0.5083713577408112,4.474885926777566,1.0,1.1626666187619012,249099,55666.0,64721,-1,-1,-1
10500,31b_ci_mc_mk_t.sql,0.014771997430956973,192.52793834296725,1.0,2.050371593724195,699454,3633.0,7449,-1,-1,-1
10500,31c_cn_it1_mc_mi.sql,1.6666666666666665,1.0,1.0,1.0,4618,4618.0,4618,-1,-1,-1
10500,33b_cn2_mc1_mc2_ml.sql,1.5483433614119533,1.3549699157641395,1.0,1.0,2195661,1620450.0,1620450,-1,-1,-1
10500,5b_it_mc_mi_t.sql,2.0,-1,1.0,-1,0,0,3536,-1,-1,-1
10500,7c_ci_lt_ml_t.sql,1.6666666666666665,1.0,1.0,1.0014134069471736,1131309.0,1131309.0,1132908,-1,-1,-1
10500,8c_ci_cn_mc_rt.sql,1.6666666666666667,1.0,1.0,1.563271869899865,5853399,5853399.0,9150454,-1,-1,-1
10500,9a_ci_cn_mc_rt.sql,1.6402683358830221,1.0791949923509336,1.0,1.0,476879,441884.0,441884,-1,-1,-1
10500,9a_ci_n_rt_t.sql,1.5594879518072289,1.3215361445783131,1.0,1.3215361445783131,1755,1328.0,1755,-1,-1,-1
10500,9b_ci_cn_mc_n.sql,0.9094319399785638,172.35369774919613,1.0,1.0,107204,622.0,622,-1,-1,-1
11000,10b_ci_mc_rt_t.sql,1.0,20234.076923076922,1.0,1.0,263043,13.0,13,-1,-1,-1
11000,14b_k_mi_mi_idx_mk.sql,1.6261046906866077,1.1216859279401767,1.0,1.0,49500,44130.0,44130,-1,-1,-1
11000,14b_kt_mi_idx_mk_t.sql,-0.015873015873015817,34862.95238095238,1.0,1.4047619047619047,2928488,84.0,118,-1,-1,-1
11000,15a_at_cn_mc_mi.sql,1.6666666666666665,1.0,1.0,169.49049429657794,263,263.0,44576,-1,-1,-1
11000,15b_at_cn_mc_t.sql,0.6938569989929507,137.33232628398792,1.0,1.0,45457,331.0,331,-1,-1,-1
11000,15d_at_cn_ct_mc.sql,1.2829790000650152,2.151062999804954,1.0,1.0,5183395,2409690.0,2409690,-1,-1,-1
11000,16a_ci_cn_mc_n.sql,1.6466099738510924,1.0601700784467218,1.0,1.0,69687371,65732256.0,65732256,-1,-1,-1
11000,19b_ci_cn_mc_n.sql,0.7132904608788853,285.53054662379424,1.0,1.0,177600,622.0,622,-1,-1,-1
11000,19d_an_ci_mi_n.sql,1.54850041986118,1.3544987404164597,1.0,1.0117593398233393,9514736,7024544.0,7107148,-1,-1,-1
11000,19d_ci_it_mi_n.sql,1.522263647791333,1.4332090566260012,1.0,1.4332090566260012,5352957,3734945.0,5352957,-1,-1,-1
11000,20c_cc_cct2_mk_t.sql,1.6666666666666665,1.0,1.0,1.1765173524228913,545918.0,545918.0,642282,-1,-1,-1
11000,22a_ct_it2_mc_mi_idx.sql,1.5722676379288194,1.283197086213542,1.0,1.0,762400,594141.0,594141,-1,-1,-1
11000,22a_it1_mi_mk_t.sql,1.6666666666666667,1.0,1.0,1.582567938183825,723047.0,723047.0,1144271,-1,-1,-1
11000,22b_cn_ct_mc_mi_idx.sql,1.5508511134001677,1.3474466597994967,1.0,1.2191503920678948,1285867,954299.0,1163434,-1,-1,-1
11000,22b_k_mc_mi_idx_mk.sql,1.2316273257785384,2.305118022664385,1.0,1.0029954238228134,777242,337181.0,338191,-1,-1,-1
11000,22d_cn_ct_mc_mi_idx.sql,1.5782979954477172,1.2651060136568488,1.0,1.0,6037597,4772404.0,4772404,-1,-1,-1
11000,22d_ct_mc_mk_t.sql,1.6171760226758811,1.1484719319723566,1.0,1.7923369529984199,13764853,11985363.0,21481809,-1,-1,-1
11000,24a_an_ci_mc_rt.sql,1.6609240738187006,1.0172277785438983,1.0,1.0,1740847,1711364.0,1711364,-1,-1,-1
11000,24a_chn_ci_mc_rt.sql,1.590725443269256,1.2278236701922334,1.0,1.0,1176896,958522.0,958522,-1,-1,-1
11000,24a_ci_it_mc_mi.sql,1.447090164513917,1.6587295064582495,1.0,1.2219824386519331,1251319,754384.0,921844,-1,-1,-1
11000,24a_ci_it_mi_mk.sql,1.6666666666666665,1.0,1.0,1.081850267677649,2045931,2045931.0,2213391,-1,-1,-1
11000,24a_ci_it_mi_n.sql,1.6666666666666665,1.0,1.0,50.773521192361436,8588,8588.0,436043,-1,-1,-1
11000,24a_mc_mi_mk_t.sql,1.649845386449042,1.0504638406528735,1.0,1.0214157034029785,6149929,5854489.0,5979867,-1,-1,-1
11000,25b_it2_k_mi_idx_mk.sql,1.2810833810284064,2.1567498569147814,1.0,1.0,572781,265576.0,265576,-1,-1,-1
11000,26a_cc_cct2_it2_mi_idx.sql,1.6218612756161708,1.1344161731514883,1.0,1.7496479484557959,117614,103678.0,181400,-1,-1,-1
11000,26b_ci_it2_mi_idx_n.sql,0.8315393369559632,25.121025311546845,1.0,1.0,36988474,1472411.0,1472411,-1,-1,-1
11000,27a_cc_cct2_ct_mc.sql,0.7861851024421913,4.061070057856448,1.0,1.0,1417882,349140.0,349140,-1,-1,-1
11000,27b_cc_ct_mc_mk.sql,1.5646845079971734,1.3059464760084802,1.0,1.3059464760084802,4416122,3381549.0,4416122,-1,-1,-1
11000,27b_cc_lt_mk_ml.sql,0.7226955002184359,3.831913499344692,1.0,1.0,23390,6104.0,6104,-1,-1,-1
11000,27c_cc_cct1_mc_mk.sql,1.6577241033957841,1.0268276898126476,1.0,1.0,2809915,2736501.0,2736501,-1,-1,-1
11000,27c_cc_cct2_ml_t.sql,1.1866116133931326,2.4401651598206024,1.0,17.83597921264327,34277,14047.0,250542,-1,-1,-1
11000,28c_cc_cct1_cct2_mc.sql,1.6276388767894998,1.117083369631501,1.0,1.0,217991,195143.0,195143,-1,-1,-1
11000,28c_cc_cct2_mc_mi_idx.sql,1.6666666666666667,1.0,1.0,1.022009152320767,334997,334997.0,342370,-1,-1,-1
11000,28c_cc_cct2_mi_mk.sql,1.6640879662893358,1.0077361011319927,1.0,1.0077361011319927,1396952,1386228.0,1396952,-1,-1,-1
11000,29a_an_chn_ci_n.sql,1.1770833333333335,2.46875,1.0,1.0,237,96.0,96,-1,-1,-1
11000,29a_cc_ci_k_mk.sql,-0.2726835138387485,1317.2971119133574,1.0,2.545487364620939,3648913,2770.0,7051,-1,-1,-1
11000,29b_an_ci_k_mk.sql,1.6666666666666667,1.0,1.0,1.0,13286,13286.0,13286,-1,-1,-1
11000,29b_cc_cct1_ci_mk.sql,0.6733364441741645,3.979990667477507,1.0,1.0156808277307314,4725228,1187246.0,1205863,-1,-1,-1
11000,30b_it2_k_mi_idx_mk.sql,1.397437750423562,1.8076867487293138,1.0,1.0,600340,332104.0,332104,-1,-1,-1
11000,30c_cc_cct1_cct2_ci.sql,0.9166087023726718,3.2501738928819845,1.0,2.2306012829430406,168216,51756.0,115447,-1,-1,-1
11000,30c_cc_cct2_ci_t.sql,0.5083713577408112,4.474885926777566,1.0,1.1626666187619012,249099,55666.0,64721,-1,-1,-1
11000,31b_ci_mc_mk_t.sql,0.6691439581612992,721.944949077897,1.0,2.050371593724195,2622826,3633.0,7449,-1,-1,-1
11000,31c_cn_it1_mc_mi.sql,1.6666666666666665,1.0,1.0,1.0,4618.0,4618.0,4618,-1,-1,-1
11000,33b_cn2_mc1_mc2_ml.sql,1.242830078064735,2.271509765805795,1.0,1.0,3680868,1620450.0,1620450,-1,-1,-1
11000,5b_it_mc_mi_t.sql,2.0,-1,1.0,-1,0,0,3536,-1,-1,-1
11000,7c_ci_lt_ml_t.sql,1.6666666666666665,1.0,1.0,1.0014134069471736,1131309.0,1131309.0,1132908,-1,-1,-1
11000,8c_ci_cn_mc_rt.sql,1.478909376700045,1.563271869899865,1.0,1.563271869899865,9150454,5853399.0,9150454,-1,-1,-1
11000,9a_ci_cn_mc_rt.sql,1.6666666666666665,1.0,1.0,1.0,441884,441884.0,441884,-1,-1,-1
11000,9a_ci_n_rt_t.sql,1.5594879518072289,1.3215361445783131,1.0,1.3215361445783131,1755,1328.0,1755,-1,-1,-1
11000,9b_ci_cn_mc_n.sql,0.9094319399785638,172.35369774919613,1.0,1.0,107204,622.0,622,-1,-1,-1
11500,10b_ci_mc_rt_t.sql,0.0,50168.769230769234,1.0,1.0,652194,13.0,13,-1,-1,-1
11500,14b_k_mi_mi_idx_mk.sql,1.6261046906866077,1.1216859279401767,1.0,1.0,49500,44130.0,44130,-1,-1,-1
11500,14b_kt_mi_idx_mk_t.sql,0.5674603174603174,34860.619047619046,1.0,1.4047619047619047,2928292,84.0,118,-1,-1,-1
11500,15a_at_cn_mc_mi.sql,0.0633713561470216,169.49049429657794,1.0,169.49049429657794,44576,263.0,44576,-1,-1,-1
11500,15b_at_cn_mc_t.sql,1.6666666666666667,1.0,1.0,1.0,331.0,331.0,331,-1,-1,-1
11500,15d_at_cn_ct_mc.sql,1.3926088694673036,1.8221733915980893,1.0,1.0,4390873,2409690.0,2409690,-1,-1,-1
11500,16a_ci_cn_mc_n.sql,1.6666666666666665,1.0,1.0,1.0,65732256.0,65732256.0,65732256,-1,-1,-1
11500,19b_ci_cn_mc_n.sql,0.7132904608788853,285.53054662379424,1.0,1.0,177600,622.0,622,-1,-1,-1
11500,19d_an_ci_mi_n.sql,0.21332625529381935,5.895378262275814,1.0,1.0117593398233393,41412344,7024544.0,7107148,-1,-1,-1
11500,19d_ci_it_mi_n.sql,1.522263647791333,1.4332090566260012,1.0,1.4332090566260012,5352957,3734945.0,5352957,-1,-1,-1
11500,20c_cc_cct2_mk_t.sql,0.63147090466578,4.714883920295722,1.0,1.1765173524228913,2573940,545918.0,642282,-1,-1,-1
11500,22a_ct_it2_mc_mi_idx.sql,1.6666666666666667,1.0,1.0,1.0,594141,594141.0,594141,-1,-1,-1
11500,22a_it1_mi_mk_t.sql,1.6666666666666667,1.0,1.0,1.582567938183825,723047,723047.0,1144271,-1,-1,-1
11500,22b_cn_ct_mc_mi_idx.sql,1.5508511134001677,1.3474466597994967,1.0,1.2191503920678948,1285867,954299.0,1163434,-1,-1,-1
11500,22b_k_mc_mi_idx_mk.sql,1.6666666666666667,1.0,1.0,1.0029954238228134,337181,337181.0,338191,-1,-1,-1
11500,22d_cn_ct_mc_mi_idx.sql,1.3957871127423411,1.8126386617729764,1.0,1.0,8650644,4772404.0,4772404,-1,-1,-1
11500,22d_ct_mc_mk_t.sql,1.390777428546247,1.8276677143612587,1.0,1.7923369529984199,21905261,11985363.0,21481809,-1,-1,-1
11500,24a_an_ci_mc_rt.sql,1.4189268521093896,1.7432194436718313,1.0,1.0,2983283,1711364.0,1711364,-1,-1,-1
11500,24a_chn_ci_mc_rt.sql,1.590725443269256,1.2278236701922334,1.0,1.0,1176896,958522.0,958522,-1,-1,-1
11500,24a_ci_it_mc_mi.sql,1.5926725204493557,1.2219824386519331,1.0,1.2219824386519331,921844,754384.0,921844,-1,-1,-1
11500,24a_ci_it_mi_mk.sql,1.6666666666666665,1.0,1.0,1.081850267677649,2045931,2045931.0,2213391,-1,-1,-1
11500,24a_ci_it_mi_n.sql,0.9210526315789473,15.814741499767116,1.0,50.773521192361436,135817,8588.0,436043,-1,-1,-1
11500,24a_mc_mi_mk_t.sql,1.6595280988656738,1.0214157034029785,1.0,1.0214157034029785,5979867,5854489.0,5979867,-1,-1,-1
11500,25b_it2_k_mi_idx_mk.sql,1.2810833810284064,2.1567498569147814,1.0,1.0,572781,265576.0,265576,-1,-1,-1
11500,26a_cc_cct2_it2_mi_idx.sql,1.3285299999356983,2.014410000192905,1.0,1.7496479484557959,208850,103678.0,181400,-1,-1,-1
11500,26b_ci_it2_mi_idx_n.sql,0.8315393369559632,25.121025311546845,1.0,1.0,36988474,1472411.0,1472411,-1,-1,-1
11500,27a_cc_cct2_ct_mc.sql,1.6200177579194592,1.1399467262416223,1.0,1.0,398001,349140.0,349140,-1,-1,-1
11500,27b_cc_ct_mc_mk.sql,1.5646845079971734,1.3059464760084802,1.0,1.3059464760084802,4416122,3381549.0,4416122,-1,-1,-1
11500,27b_cc_lt_mk_ml.sql,1.6666666666666665,1.0,1.0,1.0,6104.0,6104.0,6104,-1,-1,-1
11500,27c_cc_cct1_mc_mk.sql,1.6577241033957841,1.0268276898126476,1.0,1.0,2809915,2736501.0,2736501,-1,-1,-1
11500,27c_cc_cct2_ml_t.sql,1.660734201846183,1.017797394461451,1.0,17.83597921264327,14297,14047.0,250542,-1,-1,-1
11500,28c_cc_cct1_cct2_mc.sql,1.6276388767894998,1.117083369631501,1.0,1.0,217991,195143.0,195143,-1,-1,-1
11500,28c_cc_cct2_mc_mi_idx.sql,1.6666666666666667,1.0,1.0,1.022009152320767,334997,334997.0,342370,-1,-1,-1
11500,28c_cc_cct2_mi_mk.sql,1.6666666666666667,1.0,1.0,1.0077361011319927,1386228,1386228.0,1396952,-1,-1,-1
11500,29a_an_chn_ci_n.sql,1.6666666666666667,1.0,1.0,1.0,96,96.0,96,-1,-1,-1
11500,29a_cc_ci_k_mk.sql,-0.2726835138387485,1317.2971119133574,1.0,2.545487364620939,3648913,2770.0,7051,-1,-1,-1
11500,29b_an_ci_k_mk.sql,1.6666666666666667,1.0,1.0,1.0,13286,13286.0,13286,-1,-1,-1
11500,29b_cc_cct1_ci_mk.sql,1.6666666666666667,1.0,1.0,1.0156808277307314,1187246,1187246.0,1205863,-1,-1,-1
11500,30b_it2_k_mi_idx_mk.sql,1.397437750423562,1.8076867487293138,1.0,1.0,600340,332104.0,332104,-1,-1,-1
11500,30c_cc_cct1_cct2_ci.sql,1.6666666666666665,1.0,1.0,2.2306012829430406,51756,51756.0,115447,-1,-1,-1
11500,30c_cc_cct2_ci_t.sql,0.5083713577408112,4.474885926777566,1.0,1.1626666187619012,249099,55666.0,64721,-1,-1,-1
11500,31b_ci_mc_mk_t.sql,1.6666666666666667,1.0,1.0,2.050371593724195,3633,3633.0,7449,-1,-1,-1
11500,31c_cn_it1_mc_mi.sql,1.6666666666666665,1.0,1.0,1.0,4618.0,4618.0,4618,-1,-1,-1
11500,33b_cn2_mc1_mc2_ml.sql,1.242830078064735,2.271509765805795,1.0,1.0,3680868,1620450.0,1620450,-1,-1,-1
11500,5b_it_mc_mi_t.sql,2.0,-1,1.0,-1,0,0,3536,-1,-1,-1
11500,7c_ci_lt_ml_t.sql,1.6666666666666665,1.0,1.0,1.0014134069471736,1131309.0,1131309.0,1132908,-1,-1,-1
11500,8c_ci_cn_mc_rt.sql,1.6666666666666667,1.0,1.0,1.563271869899865,5853399.0,5853399.0,9150454,-1,-1,-1
11500,9a_ci_cn_mc_rt.sql,1.6402683358830221,1.0791949923509336,1.0,1.0,476879,441884.0,441884,-1,-1,-1
11500,9a_ci_n_rt_t.sql,0.742218875502008,208.7296686746988,1.0,1.3215361445783131,277193,1328.0,1755,-1,-1,-1
11500,9b_ci_cn_mc_n.sql,1.6666666666666665,1.0,1.0,1.0,622,622.0,622,-1,-1,-1
12000,10b_ci_mc_rt_t.sql,1.6666666666666665,1.0,1.0,1.0,13,13.0,13,-1,-1,-1
12000,14b_k_mi_mi_idx_mk.sql,1.6666666666666665,1.0,1.0,1.0,44130,44130.0,44130,-1,-1,-1
12000,14b_kt_mi_idx_mk_t.sql,0.7023809523809523,4.476190476190476,1.0,1.4047619047619047,376,84.0,118,-1,-1,-1
12000,15a_at_cn_mc_mi.sql,0.17743979721166037,5.467680608365019,1.0,169.49049429657794,1438,263.0,44576,-1,-1,-1
12000,15b_at_cn_mc_t.sql,1.4380664652567976,1.6858006042296072,1.0,1.0,558,331.0,331,-1,-1,-1
12000,15d_at_cn_ct_mc.sql,1.374665620888994,1.876003137333018,1.0,1.0,4520586,2409690.0,2409690,-1,-1,-1
12000,16a_ci_cn_mc_n.sql,1.6666666666666665,1.0,1.0,1.0,65732256,65732256.0,65732256,-1,-1,-1
12000,19b_ci_cn_mc_n.sql,0.7132904608788853,285.53054662379424,1.0,1.0,177600,622.0,622,-1,-1,-1
12000,19d_an_ci_mi_n.sql,1.2041448289502257,2.3875655131493234,1.0,1.0117593398233393,16771559,7024544.0,7107148,-1,-1,-1
12000,19d_ci_it_mi_n.sql,1.655420093200837,1.0337397203974892,1.0,1.4332090566260012,3860961,3734945.0,5352957,-1,-1,-1
12000,20c_cc_cct2_mk_t.sql,1.404263399753565,1.7872098007393051,1.0,1.1765173524228913,975670,545918.0,642282,-1,-1,-1
12000,22a_ct_it2_mc_mi_idx.sql,1.6666666666666667,1.0,1.0,1.0,594141,594141.0,594141,-1,-1,-1
12000,22a_it1_mi_mk_t.sql,1.6666666666666667,1.0,1.0,1.582567938183825,723047,723047.0,1144271,-1,-1,-1
12000,22b_cn_ct_mc_mi_idx.sql,1.647496224977706,1.0575113250668815,1.0,1.2191503920678948,1009182,954299.0,1163434,-1,-1,-1
12000,22b_k_mc_mi_idx_mk.sql,1.2316273257785384,2.305118022664385,1.0,1.0029954238228134,777242,337181.0,338191,-1,-1,-1
12000,22d_cn_ct_mc_mi_idx.sql,1.6149389978998703,1.1551830063003887,1.0,1.0,5513000,4772404.0,4772404,-1,-1,-1
12000,22d_ct_mc_mk_t.sql,1.6171760226758811,1.1484719319723566,1.0,1.7923369529984199,13764853,11985363.0,21481809,-1,-1,-1
12000,24a_an_ci_mc_rt.sql,1.6609240738187006,1.0172277785438983,1.0,1.0,1740847,1711364.0,1711364,-1,-1,-1
12000,24a_chn_ci_mc_rt.sql,1.590725443269256,1.2278236701922334,1.0,1.0,1176896,958522.0,958522,-1,-1,-1
12000,24a_ci_it_mc_mi.sql,1.447090164513917,1.6587295064582495,1.0,1.2219824386519331,1251319,754384.0,921844,-1,-1,-1
12000,24a_ci_it_mi_mk.sql,1.6393832441074503,1.081850267677649,1.0,1.081850267677649,2213391,2045931.0,2213391,-1,-1,-1
12000,24a_ci_it_mi_n.sql,0.706140350877193,35.95877969259432,1.0,50.773521192361436,308814,8588.0,436043,-1,-1,-1
12000,24a_mc_mi_mk_t.sql,1.6595280988656738,1.0214157034029785,1.0,1.0214157034029785,5979867,5854489.0,5979867,-1,-1,-1
12000,25b_it2_k_mi_idx_mk.sql,1.666666666666667,1.0,1.0,1.0,265576.0,265576.0,265576,-1,-1,-1
12000,26a_cc_cct2_it2_mi_idx.sql,1.3285299999356983,2.014410000192905,1.0,1.7496479484557959,208850,103678.0,181400,-1,-1,-1
12000,26b_ci_it2_mi_idx_n.sql,1.6666666666666665,1.0,1.0,1.0,1472411.0,1472411.0,1472411,-1,-1,-1
12000,27a_cc_cct2_ct_mc.sql,0.7861851024421913,4.061070057856448,1.0,1.0,1417882,349140.0,349140,-1,-1,-1
12000,27b_cc_ct_mc_mk.sql,1.5646845079971734,1.3059464760084802,1.0,1.3059464760084802,4416122,3381549.0,4416122,-1,-1,-1
12000,27b_cc_lt_mk_ml.sql,1.6666666666666665,1.0,1.0,1.0,6104.0,6104.0,6104,-1,-1,-1
12000,27c_cc_cct1_mc_mk.sql,1.5046186108952029,1.4861441673143916,1.0,1.0,4066835,2736501.0,2736501,-1,-1,-1
12000,27c_cc_cct2_ml_t.sql,-0.10913362283761652,17.83597921264327,1.0,17.83597921264327,250542,14047.0,250542,-1,-1,-1
12000,28c_cc_cct1_cct2_mc.sql,1.6276388767894998,1.117083369631501,1.0,1.0,217991,195143.0,195143,-1,-1,-1
12000,28c_cc_cct2_mc_mi_idx.sql,1.6666666666666667,1.0,1.0,1.022009152320767,334997,334997.0,342370,-1,-1,-1
12000,28c_cc_cct2_mi_mk.sql,0.8839498264354781,3.3481505206935656,1.0,1.0077361011319927,4641300,1386228.0,1396952,-1,-1,-1
12000,29a_an_chn_ci_n.sql,1.1770833333333335,2.46875,1.0,1.0,237,96.0,96,-1,-1,-1
12000,29a_cc_ci_k_mk.sql,-0.2726835138387485,2146.3985559566786,1.0,2.545487364620939,5945524,2770.0,7051,-1,-1,-1
12000,29b_an_ci_k_mk.sql,1.6666666666666667,1.0,1.0,1.0,13286.0,13286.0,13286,-1,-1,-1
12000,29b_cc_cct1_ci_mk.sql,1.6666666666666667,1.0,1.0,1.0156808277307314,1187246,1187246.0,1205863,-1,-1,-1
12000,30b_it2_k_mi_idx_mk.sql,1.397437750423562,1.8076867487293138,1.0,1.0,600340,332104.0,332104,-1,-1,-1
12000,30c_cc_cct1_cct2_ci.sql,1.2564662390189865,2.2306012829430406,1.0,2.2306012829430406,115447,51756.0,115447,-1,-1,-1
12000,30c_cc_cct2_ci_t.sql,1.6666666666666667,1.0,1.0,1.1626666187619012,55666,55666.0,64721,-1,-1,-1
12000,31b_ci_mc_mk_t.sql,1.6666666666666667,1.0,1.0,2.050371593724195,3633,3633.0,7449,-1,-1,-1
12000,31c_cn_it1_mc_mi.sql,0.7700303161541793,41.09571242962321,1.0,1.0,189780,4618.0,4618,-1,-1,-1
12000,33b_cn2_mc1_mc2_ml.sql,1.242830078064735,2.271509765805795,1.0,1.0,3680868,1620450.0,1620450,-1,-1,-1
12000,5b_it_mc_mi_t.sql,1.0,100.0,1.0,100.0,82354,0,3536,-1,-1,-1
12000,7c_ci_lt_ml_t.sql,1.6661955310176089,1.0014134069471736,1.0,1.0014134069471736,1132908,1131309.0,1132908,-1,-1,-1
12000,8c_ci_cn_mc_rt.sql,1.6666666666666667,1.0,1.0,1.563271869899865,5853399,5853399.0,9150454,-1,-1,-1
12000,9a_ci_cn_mc_rt.sql,1.6402683358830221,1.0791949923509336,1.0,1.0,476879,441884.0,441884,-1,-1,-1
12000,9a_ci_n_rt_t.sql,1.5594879518072289,1.3215361445783131,1.0,1.3215361445783131,1755,1328.0,1755,-1,-1,-1
12000,9b_ci_cn_mc_n.sql,1.6666666666666665,1.0,1.0,1.0,622,622.0,622,-1,-1,-1
12500,10b_ci_mc_rt_t.sql,0.23076923076923084,211021.92307692306,1.0,1.0,2743285,13.0,13,-1,-1,-1
12500,14b_k_mi_mi_idx_mk.sql,0.7582974544905206,5.291525039655563,1.0,1.0,233515,44130.0,44130,-1,-1,-1
12500,14b_kt_mi_idx_mk_t.sql,0.8134920634920635,3.5595238095238093,1.0,1.4047619047619047,299,84.0,118,-1,-1,-1
12500,15a_at_cn_mc_mi.sql,1.6666666666666665,1.0,1.0,169.49049429657794,263,263.0,44576,-1,-1,-1
12500,15b_at_cn_mc_t.sql,1.6666666666666667,1.0,1.0,1.0,331,331.0,331,-1,-1,-1
12500,15d_at_cn_ct_mc.sql,1.3926088694673036,1.8221733915980893,1.0,1.0,4390873,2409690.0,2409690,-1,-1,-1
12500,16a_ci_cn_mc_n.sql,1.6666666666666665,1.0,1.0,1.0,65732256.0,65732256.0,65732256,-1,-1,-1
12500,19b_ci_cn_mc_n.sql,0.7132904608788853,285.53054662379424,1.0,1.0,177600,622.0,622,-1,-1,-1
12500,19d_an_ci_mi_n.sql,0.61399411359181,4.6933746873818425,1.0,1.0117593398233393,32968817,7024544.0,7107148,-1,-1,-1
12500,19d_ci_it_mi_n.sql,0.7765116576906309,3.6704650269281074,1.0,1.4332090566260012,13708985,3734945.0,5352957,-1,-1,-1
12500,20c_cc_cct2_mk_t.sql,0.63147090466578,4.714883920295722,1.0,1.1765173524228913,2573940,545918.0,642282,-1,-1,-1
12500,22a_ct_it2_mc_mi_idx.sql,1.6666666666666667,1.0,1.0,1.0,594141.0,594141.0,594141,-1,-1,-1
12500,22a_it1_mi_mk_t.sql,1.5341049751952502,1.3976850744142497,1.0,1.582567938183825,1010592,723047.0,1144271,-1,-1,-1
12500,22b_cn_ct_mc_mi_idx.sql,1.6666666666666665,1.0,1.0,1.2191503920678948,954299,954299.0,1163434,-1,-1,-1
12500,22b_k_mc_mi_idx_mk.sql,1.6656681920590621,1.0029954238228134,1.0,1.0029954238228134,338191,337181.0,338191,-1,-1,-1
12500,22d_cn_ct_mc_mi_idx.sql,1.3016449012559148,2.095065296232255,1.0,1.0,9998498,4772404.0,4772404,-1,-1,-1
12500,22d_ct_mc_mk_t.sql,1.4025543490005268,1.7923369529984199,1.0,1.7923369529984199,21481809,11985363.0,21481809,-1,-1,-1
12500,24a_an_ci_mc_rt.sql,1.6666666666666667,1.0,1.0,1.0,1711364.0,1711364.0,1711364,-1,-1,-1
12500,24a_chn_ci_mc_rt.sql,0.8245263715039057,3.526420885488283,1.0,1.0,3380152,958522.0,958522,-1,-1,-1
12500,24a_ci_it_mc_mi.sql,1.5926725204493557,1.2219824386519331,1.0,1.2219824386519331,921844,754384.0,921844,-1,-1,-1
12500,24a_ci_it_mi_mk.sql,1.6666666666666665,1.0,1.0,1.081850267677649,2045931,2045931.0,2213391,-1,-1,-1
12500,24a_ci_it_mi_n.sql,0.706140350877193,35.95877969259432,1.0,50.773521192361436,308814,8588.0,436043,-1,-1,-1
12500,24a_mc_mi_mk_t.sql,1.649845386449042,1.0504638406528735,1.0,1.0214157034029785,6149929,5854489.0,5979867,-1,-1,-1
12500,25b_it2_k_mi_idx_mk.sql,1.2810833810284064,2.1567498569147814,1.0,1.0,572781,265576.0,265576,-1,-1,-1
12500,26a_cc_cct2_it2_mi_idx.sql,1.0786473504504333,2.7640579486487007,1.0,1.7496479484557959,286572,103678.0,181400,-1,-1,-1
12500,26b_ci_it2_mi_idx_n.sql,1.2473709220229043,2.257887233931287,1.0,1.0,3324538,1472411.0,1472411,-1,-1,-1
12500,27a_cc_cct2_ct_mc.sql,1.6666666666666667,1.0,1.0,1.0,349140.0,349140.0,349140,-1,-1,-1
12500,27b_cc_ct_mc_mk.sql,1.5646845079971734,1.3059464760084802,1.0,1.3059464760084802,4416122,3381549.0,4416122,-1,-1,-1
12500,27b_cc_lt_mk_ml.sql,1.6666666666666665,1.0,1.0,1.0,6104.0,6104.0,6104,-1,-1,-1
12500,27c_cc_cct1_mc_mk.sql,1.5046186108952029,1.4861441673143916,1.0,1.0,4066835,2736501.0,2736501,-1,-1,-1
12500,27c_cc_cct2_ml_t.sql,0.781732754324767,8.546664768277925,1.0,17.83597921264327,120055,14047.0,250542,-1,-1,-1
12500,28c_cc_cct1_cct2_mc.sql,1.656984877756312,1.029045366731064,1.0,1.0,200811,195143.0,195143,-1,-1,-1
12500,28c_cc_cct2_mc_mi_idx.sql,1.5119110519397685,1.464266844180694,1.0,1.022009152320767,490525,334997.0,342370,-1,-1,-1
12500,28c_cc_cct2_mi_mk.sql,1.6666666666666667,1.0,1.0,1.0077361011319927,1386228,1386228.0,1396952,-1,-1,-1
12500,29a_an_chn_ci_n.sql,0.9305555555555556,68.375,1.0,1.0,6564,96.0,96,-1,-1,-1
12500,29a_cc_ci_k_mk.sql,-0.2726835138387485,557.7148014440434,1.0,2.545487364620939,1544870,2770.0,7051,-1,-1,-1
12500,29b_an_ci_k_mk.sql,1.6666666666666667,1.0,1.0,1.0,13286.0,13286.0,13286,-1,-1,-1
12500,29b_cc_cct1_ci_mk.sql,1.6614397240897563,1.0156808277307314,1.0,1.0156808277307314,1205863,1187246.0,1205863,-1,-1,-1
12500,30b_it2_k_mi_idx_mk.sql,1.397437750423562,1.8076867487293138,1.0,1.0,600340,332104.0,332104,-1,-1,-1
12500,30c_cc_cct1_cct2_ci.sql,1.0729255223226937,2.781223433031919,1.0,2.2306012829430406,143945,51756.0,115447,-1,-1,-1
12500,30c_cc_cct2_ci_t.sql,1.1146301153307223,2.6561096540078326,1.0,1.1626666187619012,147855,55666.0,64721,-1,-1,-1
12500,31b_ci_mc_mk_t.sql,-0.32911276263877415,911.5119735755574,1.0,2.050371593724195,3311523,3633.0,7449,-1,-1,-1
12500,31c_cn_it1_mc_mi.sql,1.6666666666666665,1.0,1.0,1.0,4618,4618.0,4618,-1,-1,-1
12500,33b_cn2_mc1_mc2_ml.sql,1.242830078064735,2.271509765805795,1.0,1.0,3680868,1620450.0,1620450,-1,-1,-1
12500,5b_it_mc_mi_t.sql,1.0,100.0,1.0,100.0,82354,0,3536,-1,-1,-1
12500,7c_ci_lt_ml_t.sql,1.6661955310176089,1.0014134069471736,1.0,1.0014134069471736,1132908,1131309.0,1132908,-1,-1,-1
12500,8c_ci_cn_mc_rt.sql,1.6666666666666667,1.0,1.0,1.563271869899865,5853399,5853399.0,9150454,-1,-1,-1
12500,9a_ci_cn_mc_rt.sql,1.6666666666666665,1.0,1.0,1.0,441884,441884.0,441884,-1,-1,-1
12500,9a_ci_n_rt_t.sql,1.5594879518072289,1.3215361445783131,1.0,1.3215361445783131,1755,1328.0,1755,-1,-1,-1
12500,9b_ci_cn_mc_n.sql,1.6666666666666665,1.0,1.0,1.0,622,622.0,622,-1,-1,-1
13000,10b_ci_mc_rt_t.sql,0.0,50168.769230769234,1.0,1.0,652194,13.0,13,-1,-1,-1
13000,14b_k_mi_mi_idx_mk.sql,0.7582974544905206,5.291525039655563,1.0,1.0,233515,44130.0,44130,-1,-1,-1
13000,14b_kt_mi_idx_mk_t.sql,-0.015873015873015817,34862.95238095238,1.0,1.4047619047619047,2928488,84.0,118,-1,-1,-1
13000,15a_at_cn_mc_mi.sql,1.6666666666666665,1.0,1.0,169.49049429657794,263,263.0,44576,-1,-1,-1
13000,15b_at_cn_mc_t.sql,1.6666666666666667,1.0,1.0,1.0,331.0,331.0,331,-1,-1,-1
13000,15d_at_cn_ct_mc.sql,1.3926088694673036,1.8221733915980893,1.0,1.0,4390873,2409690.0,2409690,-1,-1,-1
13000,16a_ci_cn_mc_n.sql,1.6666666666666665,1.0,1.0,1.0,65732256.0,65732256.0,65732256,-1,-1,-1
13000,19b_ci_cn_mc_n.sql,1.6666666666666665,1.0,1.0,1.0,622,622.0,622,-1,-1,-1
13000,19d_an_ci_mi_n.sql,1.0752056408691202,2.7743830773926392,1.0,1.0117593398233393,19488776,7024544.0,7107148,-1,-1,-1
13000,19d_ci_it_mi_n.sql,1.655420093200837,1.0337397203974892,1.0,1.4332090566260012,3860961,3734945.0,5352957,-1,-1,-1
13000,20c_cc_cct2_mk_t.sql,0.63147090466578,4.714883920295722,1.0,1.1765173524228913,2573940,545918.0,642282,-1,-1,-1
13000,22a_ct_it2_mc_mi_idx.sql,1.6666666666666667,1.0,1.0,1.0,594141,594141.0,594141,-1,-1,-1
13000,22a_it1_mi_mk_t.sql,1.4724773539387253,1.582567938183825,1.0,1.582567938183825,1144271,723047.0,1144271,-1,-1,-1
13000,22b_cn_ct_mc_mi_idx.sql,1.5936165359773684,1.2191503920678948,1.0,1.2191503920678948,1163434,954299.0,1163434,-1,-1,-1
13000,22b_k_mc_mi_idx_mk.sql,1.6666666666666667,1.0,1.0,1.0029954238228134,337181,337181.0,338191,-1,-1,-1
13000,22d_cn_ct_mc_mi_idx.sql,1.4324281151944946,1.7027156544165163,1.0,1.0,8126047,4772404.0,4772404,-1,-1,-1
13000,22d_ct_mc_mk_t.sql,1.4025543490005268,1.7923369529984199,1.0,1.7923369529984199,21481809,11985363.0,21481809,-1,-1,-1
13000,24a_an_ci_mc_rt.sql,1.6609240738187006,1.0172277785438983,1.0,1.0,1740847,1711364.0,1711364,-1,-1,-1
13000,24a_chn_ci_mc_rt.sql,1.590725443269256,1.2278236701922334,1.0,1.0,1176896,958522.0,958522,-1,-1,-1
13000,24a_ci_it_mc_mi.sql,1.5926725204493557,1.2219824386519331,1.0,1.2219824386519331,921844,754384.0,921844,-1,-1,-1
13000,24a_ci_it_mi_mk.sql,1.3991240825488902,1.8026277523533296,1.0,1.081850267677649,3688052,2045931.0,2213391,-1,-1,-1
13000,24a_ci_it_mi_n.sql,1.6666666666666665,1.0,1.0,50.773521192361436,8588,8588.0,436043,-1,-1,-1
13000,24a_mc_mi_mk_t.sql,1.649845386449042,1.0504638406528735,1.0,1.0214157034029785,6149929,5854489.0,5979867,-1,-1,-1
13000,25b_it2_k_mi_idx_mk.sql,1.2810833810284064,2.1567498569147814,1.0,1.0,572781,265576.0,265576,-1,-1,-1
13000,26a_cc_cct2_it2_mi_idx.sql,1.6218612756161708,1.1344161731514883,1.0,1.7496479484557959,117614,103678.0,181400,-1,-1,-1
13000,26b_ci_it2_mi_idx_n.sql,1.6666666666666665,1.0,1.0,1.0,1472411.0,1472411.0,1472411,-1,-1,-1
13000,27a_cc_cct2_ct_mc.sql,1.6666666666666667,1.0,1.0,1.0,349140.0,349140.0,349140,-1,-1,-1
13000,27b_cc_ct_mc_mk.sql,1.5646845079971734,1.3059464760084802,1.0,1.3059464760084802,4416122,3381549.0,4416122,-1,-1,-1
13000,27b_cc_lt_mk_ml.sql,1.6666666666666665,1.0,1.0,1.0,6104.0,6104.0,6104,-1,-1,-1
13000,27c_cc_cct1_mc_mk.sql,1.2391614936982178,2.2825155189053468,1.0,1.0,6246106,2736501.0,2736501,-1,-1,-1
13000,27c_cc_cct2_ml_t.sql,0.781732754324767,8.546664768277925,1.0,17.83597921264327,120055,14047.0,250542,-1,-1,-1
13000,28c_cc_cct1_cct2_mc.sql,1.666666666666667,1.0,1.0,1.0,195143,195143.0,195143,-1,-1,-1
13000,28c_cc_cct2_mc_mi_idx.sql,1.6666666666666667,1.0,1.0,1.022009152320767,334997,334997.0,342370,-1,-1,-1
13000,28c_cc_cct2_mi_mk.sql,1.6666666666666667,1.0,1.0,1.0077361011319927,1386228,1386228.0,1396952,-1,-1,-1
13000,29a_an_chn_ci_n.sql,1.6666666666666667,1.0,1.0,1.0,96.0,96.0,96,-1,-1,-1
13000,29a_cc_ci_k_mk.sql,-0.2726835138387485,557.7148014440434,1.0,2.545487364620939,1544870,2770.0,7051,-1,-1,-1
13000,29b_an_ci_k_mk.sql,1.6666666666666667,1.0,1.0,1.0,13286,13286.0,13286,-1,-1,-1
13000,29b_cc_cct1_ci_mk.sql,1.6666666666666667,1.0,1.0,1.0156808277307314,1187246,1187246.0,1205863,-1,-1,-1
13000,30b_it2_k_mi_idx_mk.sql,1.397437750423562,1.8076867487293138,1.0,1.0,600340,332104.0,332104,-1,-1,-1
13000,30c_cc_cct1_cct2_ci.sql,1.6666666666666665,1.0,1.0,2.2306012829430406,51756,51756.0,115447,-1,-1,-1
13000,30c_cc_cct2_ci_t.sql,1.1146301153307223,2.6561096540078326,1.0,1.1626666187619012,147855,55666.0,64721,-1,-1,-1
13000,31b_ci_mc_mk_t.sql,-0.32911276263877415,911.5119735755574,1.0,2.050371593724195,3311523,3633.0,7449,-1,-1,-1
13000,31c_cn_it1_mc_mi.sql,0.7700303161541793,41.09571242962321,1.0,1.0,189780,4618.0,4618,-1,-1,-1
13000,33b_cn2_mc1_mc2_ml.sql,1.242830078064735,2.271509765805795,1.0,1.0,3680868,1620450.0,1620450,-1,-1,-1
13000,5b_it_mc_mi_t.sql,2.0,-1,1.0,-1,0,0,3536,-1,-1,-1
13000,7c_ci_lt_ml_t.sql,1.6661955310176089,1.0014134069471736,1.0,1.0014134069471736,1132908,1131309.0,1132908,-1,-1,-1
13000,8c_ci_cn_mc_rt.sql,1.6666666666666667,1.0,1.0,1.563271869899865,5853399.0,5853399.0,9150454,-1,-1,-1
13000,9a_ci_cn_mc_rt.sql,1.6666666666666665,1.0,1.0,1.0,441884,441884.0,441884,-1,-1,-1
13000,9a_ci_n_rt_t.sql,0.8493975903614459,269.87123493975906,1.0,1.3215361445783131,358389,1328.0,1755,-1,-1,-1
13000,9b_ci_cn_mc_n.sql,1.6666666666666665,1.0,1.0,1.0,622.0,622.0,622,-1,-1,-1
13500,10b_ci_mc_rt_t.sql,0.23076923076923084,211021.92307692306,1.0,1.0,2743285,13.0,13,-1,-1,-1
13500,14b_k_mi_mi_idx_mk.sql,1.6261046906866077,1.1216859279401767,1.0,1.0,49500,44130.0,44130,-1,-1,-1
13500,14b_kt_mi_idx_mk_t.sql,0.5674603174603174,34860.619047619046,1.0,1.4047619047619047,2928292,84.0,118,-1,-1,-1
13500,15a_at_cn_mc_mi.sql,1.6666666666666665,1.0,1.0,169.49049429657794,263,263.0,44576,-1,-1,-1
13500,15b_at_cn_mc_t.sql,0.94662638469285,63.49848942598187,1.0,1.0,21018,331.0,331,-1,-1,-1
13500,15d_at_cn_ct_mc.sql,1.3926088694673036,1.8221733915980893,1.0,1.0,4390873,2409690.0,2409690,-1,-1,-1
13500,16a_ci_cn_mc_n.sql,1.6666666666666665,1.0,1.0,1.0,65732256,65732256.0,65732256,-1,-1,-1
13500,19b_ci_cn_mc_n.sql,1.6666666666666665,1.0,1.0,1.0,622.0,622.0,622,-1,-1,-1
13500,19d_an_ci_mi_n.sql,1.2041448289502257,2.3875655131493234,1.0,1.0117593398233393,16771559,7024544.0,7107148,-1,-1,-1
13500,19d_ci_it_mi_n.sql,0.7765116576906309,3.6704650269281074,1.0,1.4332090566260012,13708985,3734945.0,5352957,-1,-1,-1
13500,20c_cc_cct2_mk_t.sql,1.404263399753565,1.7872098007393051,1.0,1.1765173524228913,975670,545918.0,642282,-1,-1,-1
13500,22a_ct_it2_mc_mi_idx.sql,1.6666666666666667,1.0,1.0,1.0,594141,594141.0,594141,-1,-1,-1
13500,22a_it1_mi_mk_t.sql,1.6666666666666667,1.0,1.0,1.582567938183825,723047.0,723047.0,1144271,-1,-1,-1
13500,22b_cn_ct_mc_mi_idx.sql,1.4733764435115897,1.5798706694652305,1.0,1.2191503920678948,1507669,954299.0,1163434,-1,-1,-1
13500,22b_k_mc_mi_idx_mk.sql,1.6666666666666667,1.0,1.0,1.0029954238228134,337181,337181.0,338191,-1,-1,-1
13500,22d_cn_ct_mc_mi_idx.sql,1.3957871127423411,1.8126386617729764,1.0,1.0,8650644,4772404.0,4772404,-1,-1,-1
13500,22d_ct_mc_mk_t.sql,1.6666666666666667,1.0,1.0,1.7923369529984199,11985363,11985363.0,21481809,-1,-1,-1
13500,24a_an_ci_mc_rt.sql,1.6609240738187006,1.0172277785438983,1.0,1.0,1740847,1711364.0,1711364,-1,-1,-1
13500,24a_chn_ci_mc_rt.sql,1.666666666666667,1.0,1.0,1.0,958522.0,958522.0,958522,-1,-1,-1
13500,24a_ci_it_mc_mi.sql,1.5926725204493557,1.2219824386519331,1.0,1.2219824386519331,921844,754384.0,921844,-1,-1,-1
13500,24a_ci_it_mi_mk.sql,1.6666666666666665,1.0,1.0,1.081850267677649,2045931.0,2045931.0,2213391,-1,-1,-1
13500,24a_ci_it_mi_n.sql,-0.03947368421052633,31.274219841639496,1.0,50.773521192361436,268583,8588.0,436043,-1,-1,-1
13500,24a_mc_mi_mk_t.sql,1.6666666666666667,1.0,1.0,1.0214157034029785,5854489.0,5854489.0,5979867,-1,-1,-1
13500,25b_it2_k_mi_idx_mk.sql,1.2810833810284064,2.1567498569147814,1.0,1.0,572781,265576.0,265576,-1,-1,-1
13500,26a_cc_cct2_it2_mi_idx.sql,1.0786473504504333,2.7640579486487007,1.0,1.7496479484557959,286572,103678.0,181400,-1,-1,-1
13500,26b_ci_it2_mi_idx_n.sql,1.6666666666666665,1.0,1.0,1.0,1472411.0,1472411.0,1472411,-1,-1,-1
13500,27a_cc_cct2_ct_mc.sql,0.7552653185923508,4.153829409405969,1.0,1.0,1450268,349140.0,349140,-1,-1,-1
13500,27b_cc_ct_mc_mk.sql,1.5646845079971734,1.3059464760084802,1.0,1.3059464760084802,4416122,3381549.0,4416122,-1,-1,-1
13500,27b_cc_lt_mk_ml.sql,0.6807011795543905,356.68643512450853,1.0,1.0,2177214,6104.0,6104,-1,-1,-1
13500,27c_cc_cct1_mc_mk.sql,1.6577241033957841,1.0268276898126476,1.0,1.0,2809915,2736501.0,2736501,-1,-1,-1
13500,27c_cc_cct2_ml_t.sql,0.781732754324767,8.546664768277925,1.0,17.83597921264327,120055,14047.0,250542,-1,-1,-1
13500,28c_cc_cct1_cct2_mc.sql,1.648114459652665,1.055656621042005,1.0,1.0,206004,195143.0,195143,-1,-1,-1
13500,28c_cc_cct2_mc_mi_idx.sql,1.1114955258305796,2.665513422508261,1.0,1.022009152320767,892939,334997.0,342370,-1,-1,-1
13500,28c_cc_cct2_mi_mk.sql,1.6666666666666667,1.0,1.0,1.0077361011319927,1386228,1386228.0,1396952,-1,-1,-1
13500,29a_an_chn_ci_n.sql,-0.04861111111111105,195.17708333333334,1.0,1.0,18737,96.0,96,-1,-1,-1
13500,29a_cc_ci_k_mk.sql,0.7164861612515042,784.7375451263538,1.0,2.545487364620939,2173723,2770.0,7051,-1,-1,-1
13500,29b_an_ci_k_mk.sql,1.6666666666666667,1.0,1.0,1.0,13286.0,13286.0,13286,-1,-1,-1
13500,29b_cc_cct1_ci_mk.sql,1.6614397240897563,1.0156808277307314,1.0,1.0156808277307314,1205863,1187246.0,1205863,-1,-1,-1
13500,30b_it2_k_mi_idx_mk.sql,1.397437750423562,1.8076867487293138,1.0,1.0,600340,332104.0,332104,-1,-1,-1
13500,30c_cc_cct1_cct2_ci.sql,0.9166087023726718,3.2501738928819845,1.0,2.2306012829430406,168216,51756.0,115447,-1,-1,-1
13500,30c_cc_cct2_ci_t.sql,1.6124444604126995,1.1626666187619012,1.0,1.1626666187619012,64721,55666.0,64721,-1,-1,-1
13500,31b_ci_mc_mk_t.sql,1.6666666666666667,1.0,1.0,2.050371593724195,3633.0,3633.0,7449,-1,-1,-1
13500,31c_cn_it1_mc_mi.sql,0.7700303161541793,41.09571242962321,1.0,1.0,189780,4618.0,4618,-1,-1,-1
13500,33b_cn2_mc1_mc2_ml.sql,1.2016279428553795,2.395116171433861,1.0,1.0,3881166,1620450.0,1620450,-1,-1,-1
13500,5b_it_mc_mi_t.sql,2.0,-1,1.0,-1,0,0,3536,-1,-1,-1
13500,7c_ci_lt_ml_t.sql,1.6666666666666665,1.0,1.0,1.0014134069471736,1131309.0,1131309.0,1132908,-1,-1,-1
13500,8c_ci_cn_mc_rt.sql,1.6666666666666667,1.0,1.0,1.563271869899865,5853399,5853399.0,9150454,-1,-1,-1
13500,9a_ci_cn_mc_rt.sql,1.6402683358830221,1.0791949923509336,1.0,1.0,476879,441884.0,441884,-1,-1,-1
13500,9a_ci_n_rt_t.sql,-0.07530120481927705,297.582078313253,1.0,1.3215361445783131,395189,1328.0,1755,-1,-1,-1
13500,9b_ci_cn_mc_n.sql,1.6666666666666665,1.0,1.0,1.0,622,622.0,622,-1,-1,-1
14000,10b_ci_mc_rt_t.sql,1.0,20234.076923076922,1.0,1.0,263043,13.0,13,-1,-1,-1
14000,14b_k_mi_mi_idx_mk.sql,0.7582974544905206,5.291525039655563,1.0,1.0,233515,44130.0,44130,-1,-1,-1
14000,14b_kt_mi_idx_mk_t.sql,1.6666666666666665,1.0,1.0,1.4047619047619047,84,84.0,118,-1,-1,-1
14000,15a_at_cn_mc_mi.sql,1.6666666666666665,1.0,1.0,169.49049429657794,263,263.0,44576,-1,-1,-1
14000,15b_at_cn_mc_t.sql,1.4380664652567976,1.6858006042296072,1.0,1.0,558,331.0,331,-1,-1,-1
14000,15d_at_cn_ct_mc.sql,1.5570367972643784,1.3288896082068649,1.0,1.0,3202212,2409690.0,2409690,-1,-1,-1
14000,16a_ci_cn_mc_n.sql,1.6666666666666665,1.0,1.0,1.0,65732256.0,65732256.0,65732256,-1,-1,-1
14000,19b_ci_cn_mc_n.sql,1.6666666666666665,1.0,1.0,1.0,622,622.0,622,-1,-1,-1
14000,19d_an_ci_mi_n.sql,1.2041448289502257,2.3875655131493234,1.0,1.0117593398233393,16771559,7024544.0,7107148,-1,-1,-1
14000,19d_ci_it_mi_n.sql,0.7765116576906309,3.6704650269281074,1.0,1.4332090566260012,13708985,3734945.0,5352957,-1,-1,-1
14000,20c_cc_cct2_mk_t.sql,1.6078275491923695,1.1765173524228913,1.0,1.1765173524228913,642282,545918.0,642282,-1,-1,-1
14000,22a_ct_it2_mc_mi_idx.sql,1.6666666666666667,1.0,1.0,1.0,594141,594141.0,594141,-1,-1,-1
14000,22a_it1_mi_mk_t.sql,1.6666666666666667,1.0,1.0,1.582567938183825,723047,723047.0,1144271,-1,-1,-1
14000,22b_cn_ct_mc_mi_idx.sql,1.5508511134001677,1.3474466597994967,1.0,1.2191503920678948,1285867,954299.0,1163434,-1,-1,-1
14000,22b_k_mc_mi_idx_mk.sql,1.6666666666666667,1.0,1.0,1.0029954238228134,337181,337181.0,338191,-1,-1,-1
14000,22d_cn_ct_mc_mi_idx.sql,1.3016449012559148,2.095065296232255,1.0,1.0,9998498,4772404.0,4772404,-1,-1,-1
14000,22d_ct_mc_mk_t.sql,1.6666666666666667,1.0,1.0,1.7923369529984199,11985363.0,11985363.0,21481809,-1,-1,-1
14000,24a_an_ci_mc_rt.sql,1.6609240738187006,1.0172277785438983,1.0,1.0,1740847,1711364.0,1711364,-1,-1,-1
14000,24a_chn_ci_mc_rt.sql,1.590725443269256,1.2278236701922334,1.0,1.0,1176896,958522.0,958522,-1,-1,-1
14000,24a_ci_it_mc_mi.sql,1.5926725204493557,1.2219824386519331,1.0,1.2219824386519331,921844,754384.0,921844,-1,-1,-1
14000,24a_ci_it_mi_mk.sql,1.6393832441074503,1.081850267677649,1.0,1.081850267677649,2213391,2045931.0,2213391,-1,-1,-1
14000,24a_ci_it_mi_n.sql,-0.03947368421052633,31.274219841639496,1.0,50.773521192361436,268583,8588.0,436043,-1,-1,-1
14000,24a_mc_mi_mk_t.sql,1.6666666666666667,1.0,1.0,1.0214157034029785,5854489.0,5854489.0,5979867,-1,-1,-1
14000,25b_it2_k_mi_idx_mk.sql,1.2810833810284064,2.1567498569147814,1.0,1.0,572781,265576.0,265576,-1,-1,-1
14000,26a_cc_cct2_it2_mi_idx.sql,1.6218612756161708,1.1344161731514883,1.0,1.7496479484557959,117614,103678.0,181400,-1,-1,-1
14000,26b_ci_it2_mi_idx_n.sql,0.8315393369559632,25.121025311546845,1.0,1.0,36988474,1472411.0,1472411,-1,-1,-1
14000,27a_cc_cct2_ct_mc.sql,0.7861851024421913,4.061070057856448,1.0,1.0,1417882,349140.0,349140,-1,-1,-1
14000,27b_cc_ct_mc_mk.sql,0.9897594268188927,3.0307217195433216,1.0,1.3059464760084802,10248534,3381549.0,4416122,-1,-1,-1
14000,27b_cc_lt_mk_ml.sql,1.6666666666666665,1.0,1.0,1.0,6104.0,6104.0,6104,-1,-1,-1
14000,27c_cc_cct1_mc_mk.sql,1.5046186108952029,1.4861441673143916,1.0,1.0,4066835,2736501.0,2736501,-1,-1,-1
14000,27c_cc_cct2_ml_t.sql,-0.10913362283761652,17.83597921264327,1.0,17.83597921264327,250542,14047.0,250542,-1,-1,-1
14000,28c_cc_cct1_cct2_mc.sql,1.6276388767894998,1.117083369631501,1.0,1.0,217991,195143.0,195143,-1,-1,-1
14000,28c_cc_cct2_mc_mi_idx.sql,1.6666666666666667,1.0,1.0,1.022009152320767,334997,334997.0,342370,-1,-1,-1
14000,28c_cc_cct2_mi_mk.sql,1.6666666666666667,1.0,1.0,1.0077361011319927,1386228,1386228.0,1396952,-1,-1,-1
14000,29a_an_chn_ci_n.sql,-0.04861111111111105,195.17708333333334,1.0,1.0,18737,96.0,96,-1,-1,-1
14000,29a_cc_ci_k_mk.sql,-0.2726835138387485,2146.3985559566786,1.0,2.545487364620939,5945524,2770.0,7051,-1,-1,-1
14000,29b_an_ci_k_mk.sql,1.6666666666666667,1.0,1.0,1.0,13286.0,13286.0,13286,-1,-1,-1
14000,29b_cc_cct1_ci_mk.sql,1.2640713606671798,2.2077859179984602,1.0,1.0156808277307314,2621185,1187246.0,1205863,-1,-1,-1
14000,30b_it2_k_mi_idx_mk.sql,1.397437750423562,1.8076867487293138,1.0,1.0,600340,332104.0,332104,-1,-1,-1
14000,30c_cc_cct1_cct2_ci.sql,1.0729255223226937,2.781223433031919,1.0,2.2306012829430406,143945,51756.0,115447,-1,-1,-1
14000,30c_cc_cct2_ci_t.sql,0.5083713577408112,4.474885926777566,1.0,1.1626666187619012,249099,55666.0,64721,-1,-1,-1
14000,31b_ci_mc_mk_t.sql,1.0122947059363245,2.9631158821910266,1.0,2.050371593724195,10765,3633.0,7449,-1,-1,-1
14000,31c_cn_it1_mc_mi.sql,0.7700303161541793,41.09571242962321,1.0,1.0,189780,4618.0,4618,-1,-1,-1
14000,33b_cn2_mc1_mc2_ml.sql,1.242830078064735,2.271509765805795,1.0,1.0,3680868,1620450.0,1620450,-1,-1,-1
14000,5b_it_mc_mi_t.sql,2.0,-1,1.0,-1,0,0,3536,-1,-1,-1
14000,7c_ci_lt_ml_t.sql,1.6666666666666665,1.0,1.0,1.0014134069471736,1131309.0,1131309.0,1132908,-1,-1,-1
14000,8c_ci_cn_mc_rt.sql,1.6666666666666667,1.0,1.0,1.563271869899865,5853399.0,5853399.0,9150454,-1,-1,-1
14000,9a_ci_cn_mc_rt.sql,1.6402683358830221,1.0791949923509336,1.0,1.0,476879,441884.0,441884,-1,-1,-1
14000,9a_ci_n_rt_t.sql,0.742218875502008,208.7296686746988,1.0,1.3215361445783131,277193,1328.0,1755,-1,-1,-1
14000,9b_ci_cn_mc_n.sql,1.6666666666666665,1.0,1.0,1.0,622,622.0,622,-1,-1,-1
14500,10b_ci_mc_rt_t.sql,0.0,240954.3076923077,1.0,1.0,3132406,13.0,13,-1,-1,-1
14500,14b_k_mi_mi_idx_mk.sql,1.6261046906866077,1.1216859279401767,1.0,1.0,49500,44130.0,44130,-1,-1,-1
14500,14b_kt_mi_idx_mk_t.sql,0.5674603174603174,34860.619047619046,1.0,1.4047619047619047,2928292,84.0,118,-1,-1,-1
14500,15a_at_cn_mc_mi.sql,1.6666666666666665,1.0,1.0,169.49049429657794,263,263.0,44576,-1,-1,-1
14500,15b_at_cn_mc_t.sql,1.4380664652567976,1.6858006042296072,1.0,1.0,558,331.0,331,-1,-1,-1
14500,15d_at_cn_ct_mc.sql,1.374665620888994,1.876003137333018,1.0,1.0,4520586,2409690.0,2409690,-1,-1,-1
14500,16a_ci_cn_mc_n.sql,1.6666666666666665,1.0,1.0,1.0,65732256.0,65732256.0,65732256,-1,-1,-1
14500,19b_ci_cn_mc_n.sql,1.6666666666666665,1.0,1.0,1.0,622,622.0,622,-1,-1,-1
14500,19d_an_ci_mi_n.sql,1.54850041986118,1.3544987404164597,1.0,1.0117593398233393,9514736,7024544.0,7107148,-1,-1,-1
14500,19d_ci_it_mi_n.sql,0.8784870102951091,3.3645389691146725,1.0,1.4332090566260012,12566368,3734945.0,5352957,-1,-1,-1
14500,20c_cc_cct2_mk_t.sql,1.404263399753565,1.7872098007393051,1.0,1.1765173524228913,975670,545918.0,642282,-1,-1,-1
14500,22a_ct_it2_mc_mi_idx.sql,1.5722676379288194,1.283197086213542,1.0,1.0,762400,594141.0,594141,-1,-1,-1
14500,22a_it1_mi_mk_t.sql,1.4724773539387253,1.582567938183825,1.0,1.582567938183825,1144271,723047.0,1144271,-1,-1,-1
14500,22b_cn_ct_mc_mi_idx.sql,1.647496224977706,1.0575113250668815,1.0,1.2191503920678948,1009182,954299.0,1163434,-1,-1,-1
14500,22b_k_mc_mi_idx_mk.sql,1.6666666666666667,1.0,1.0,1.0029954238228134,337181,337181.0,338191,-1,-1,-1
14500,22d_cn_ct_mc_mi_idx.sql,1.3016449012559148,2.095065296232255,1.0,1.0,9998498,4772404.0,4772404,-1,-1,-1
14500,22d_ct_mc_mk_t.sql,1.6666666666666667,1.0,1.0,1.7923369529984199,11985363.0,11985363.0,21481809,-1,-1,-1
14500,24a_an_ci_mc_rt.sql,1.6666666666666667,1.0,1.0,1.0,1711364,1711364.0,1711364,-1,-1,-1
14500,24a_chn_ci_mc_rt.sql,1.590725443269256,1.2278236701922334,1.0,1.0,1176896,958522.0,958522,-1,-1,-1
14500,24a_ci_it_mc_mi.sql,1.3754997454877091,1.8735007635368726,1.0,1.2219824386519331,1413339,754384.0,921844,-1,-1,-1
14500,24a_ci_it_mi_mk.sql,1.6666666666666665,1.0,1.0,1.081850267677649,2045931.0,2045931.0,2213391,-1,-1,-1
14500,24a_ci_it_mi_n.sql,0.9210526315789473,15.814741499767116,1.0,50.773521192361436,135817,8588.0,436043,-1,-1,-1
14500,24a_mc_mi_mk_t.sql,1.6666666666666667,1.0,1.0,1.0214157034029785,5854489.0,5854489.0,5979867,-1,-1,-1
14500,25b_it2_k_mi_idx_mk.sql,1.2810833810284064,2.1567498569147814,1.0,1.0,572781,265576.0,265576,-1,-1,-1
14500,26a_cc_cct2_it2_mi_idx.sql,1.6218612756161708,1.1344161731514883,1.0,1.7496479484557959,117614,103678.0,181400,-1,-1,-1
14500,26b_ci_it2_mi_idx_n.sql,1.6666666666666665,1.0,1.0,1.0,1472411,1472411.0,1472411,-1,-1,-1
14500,27a_cc_cct2_ct_mc.sql,1.6666666666666667,1.0,1.0,1.0,349140.0,349140.0,349140,-1,-1,-1
14500,27b_cc_ct_mc_mk.sql,1.133219223892167,2.600342328323499,1.0,1.3059464760084802,8793185,3381549.0,4416122,-1,-1,-1
14500,27b_cc_lt_mk_ml.sql,0.7226955002184359,3.831913499344692,1.0,1.0,23390,6104.0,6104,-1,-1,-1
14500,27c_cc_cct1_mc_mk.sql,0.8611481109148751,3.4165556672553747,1.0,1.0,9349408,2736501.0,2736501,-1,-1,-1
14500,27c_cc_cct2_ml_t.sql,-0.10913362283761652,16.1111269310173,1.0,17.83597921264327,226313,14047.0,250542,-1,-1,-1
14500,28c_cc_cct1_cct2_mc.sql,1.635520276583497,1.0934391702495094,1.0,1.0,213377,195143.0,195143,-1,-1,-1
14500,28c_cc_cct2_mc_mi_idx.sql,1.6666666666666667,1.0,1.0,1.022009152320767,334997,334997.0,342370,-1,-1,-1
14500,28c_cc_cct2_mi_mk.sql,1.6666666666666667,1.0,1.0,1.0077361011319927,1386228,1386228.0,1396952,-1,-1,-1
14500,29a_an_chn_ci_n.sql,1.6666666666666667,1.0,1.0,1.0,96.0,96.0,96,-1,-1,-1
14500,29a_cc_ci_k_mk.sql,-0.2726835138387485,557.7148014440434,1.0,2.545487364620939,1544870,2770.0,7051,-1,-1,-1
14500,29b_an_ci_k_mk.sql,1.6666666666666667,1.0,1.0,1.0,13286.0,13286.0,13286,-1,-1,-1
14500,29b_cc_cct1_ci_mk.sql,1.6666666666666667,1.0,1.0,1.0156808277307314,1187246,1187246.0,1205863,-1,-1,-1
14500,30b_it2_k_mi_idx_mk.sql,0.4744357189314191,12.000511887842363,1.0,1.0,3985418,332104.0,332104,-1,-1,-1
14500,30c_cc_cct1_cct2_ci.sql,1.0729255223226937,2.781223433031919,1.0,2.2306012829430406,143945,51756.0,115447,-1,-1,-1
14500,30c_cc_cct2_ci_t.sql,1.1146301153307223,2.6561096540078326,1.0,1.1626666187619012,147855,55666.0,64721,-1,-1,-1
14500,31b_ci_mc_mk_t.sql,-0.32911276263877415,400.3347096063859,1.0,2.050371593724195,1454416,3633.0,7449,-1,-1,-1
14500,31c_cn_it1_mc_mi.sql,1.6666666666666665,1.0,1.0,1.0,4618,4618.0,4618,-1,-1,-1
14500,33b_cn2_mc1_mc2_ml.sql,1.242830078064735,2.271509765805795,1.0,1.0,3680868,1620450.0,1620450,-1,-1,-1
14500,5b_it_mc_mi_t.sql,1.0,100.0,1.0,100.0,552777,0,3536,-1,-1,-1
14500,7c_ci_lt_ml_t.sql,1.6666666666666665,1.0,1.0,1.0014134069471736,1131309.0,1131309.0,1132908,-1,-1,-1
14500,8c_ci_cn_mc_rt.sql,1.6666666666666667,1.0,1.0,1.563271869899865,5853399.0,5853399.0,9150454,-1,-1,-1
14500,9a_ci_cn_mc_rt.sql,1.6402683358830221,1.0791949923509336,1.0,1.0,476879,441884.0,441884,-1,-1,-1
14500,9a_ci_n_rt_t.sql,-0.07530120481927705,297.582078313253,1.0,1.3215361445783131,395189,1328.0,1755,-1,-1,-1
14500,9b_ci_cn_mc_n.sql,1.6666666666666665,1.0,1.0,1.0,622,622.0,622,-1,-1,-1
15000,10b_ci_mc_rt_t.sql,0.23076923076923084,211021.92307692306,1.0,1.0,2743285,13.0,13,-1,-1,-1
15000,14b_k_mi_mi_idx_mk.sql,0.7582974544905206,5.291525039655563,1.0,1.0,233515,44130.0,44130,-1,-1,-1
15000,14b_kt_mi_idx_mk_t.sql,0.5674603174603174,34860.619047619046,1.0,1.4047619047619047,2928292,84.0,118,-1,-1,-1
15000,15a_at_cn_mc_mi.sql,1.6666666666666665,1.0,1.0,169.49049429657794,263,263.0,44576,-1,-1,-1
15000,15b_at_cn_mc_t.sql,1.6666666666666667,1.0,1.0,1.0,331.0,331.0,331,-1,-1,-1
15000,15d_at_cn_ct_mc.sql,1.2829790000650152,2.151062999804954,1.0,1.0,5183395,2409690.0,2409690,-1,-1,-1
15000,16a_ci_cn_mc_n.sql,1.6666666666666665,1.0,1.0,1.0,65732256.0,65732256.0,65732256,-1,-1,-1
15000,19b_ci_cn_mc_n.sql,0.7132904608788853,285.53054662379424,1.0,1.0,177600,622.0,622,-1,-1,-1
15000,19d_an_ci_mi_n.sql,1.2041448289502257,2.3875655131493234,1.0,1.0117593398233393,16771559,7024544.0,7107148,-1,-1,-1
15000,19d_ci_it_mi_n.sql,1.522263647791333,1.4332090566260012,1.0,1.4332090566260012,5352957,3734945.0,5352957,-1,-1,-1
15000,20c_cc_cct2_mk_t.sql,1.6078275491923695,1.1765173524228913,1.0,1.1765173524228913,642282,545918.0,642282,-1,-1,-1
15000,22a_ct_it2_mc_mi_idx.sql,1.5722676379288194,1.283197086213542,1.0,1.0,762400,594141.0,594141,-1,-1,-1
15000,22a_it1_mi_mk_t.sql,1.5341049751952502,1.3976850744142497,1.0,1.582567938183825,1010592,723047.0,1144271,-1,-1,-1
15000,22b_cn_ct_mc_mi_idx.sql,1.6666666666666665,1.0,1.0,1.2191503920678948,954299,954299.0,1163434,-1,-1,-1
15000,22b_k_mc_mi_idx_mk.sql,1.6656681920590621,1.0029954238228134,1.0,1.0029954238228134,338191,337181.0,338191,-1,-1,-1
15000,22d_cn_ct_mc_mi_idx.sql,1.4324281151944946,1.7027156544165163,1.0,1.0,8126047,4772404.0,4772404,-1,-1,-1
15000,22d_ct_mc_mk_t.sql,0.6706326152435544,3.988102154269337,1.0,1.7923369529984199,47798852,11985363.0,21481809,-1,-1,-1
15000,24a_an_ci_mc_rt.sql,1.6609240738187006,1.0172277785438983,1.0,1.0,1740847,1711364.0,1711364,-1,-1,-1
15000,24a_chn_ci_mc_rt.sql,1.590725443269256,1.2278236701922334,1.0,1.0,1176896,958522.0,958522,-1,-1,-1
15000,24a_ci_it_mc_mi.sql,1.5926725204493557,1.2219824386519331,1.0,1.2219824386519331,921844,754384.0,921844,-1,-1,-1
15000,24a_ci_it_mi_mk.sql,1.6666666666666665,1.0,1.0,1.081850267677649,2045931,2045931.0,2213391,-1,-1,-1
15000,24a_ci_it_mi_n.sql,0.9210526315789473,15.814741499767116,1.0,50.773521192361436,135817,8588.0,436043,-1,-1,-1
15000,24a_mc_mi_mk_t.sql,1.6595280988656738,1.0214157034029785,1.0,1.0214157034029785,5979867,5854489.0,5979867,-1,-1,-1
15000,25b_it2_k_mi_idx_mk.sql,1.2810833810284064,2.1567498569147814,1.0,1.0,572781,265576.0,265576,-1,-1,-1
15000,26a_cc_cct2_it2_mi_idx.sql,1.666666666666667,1.0,1.0,1.7496479484557959,103678,103678.0,181400,-1,-1,-1
15000,26b_ci_it2_mi_idx_n.sql,1.6666666666666665,1.0,1.0,1.0,1472411,1472411.0,1472411,-1,-1,-1
15000,27a_cc_cct2_ct_mc.sql,0.7552653185923508,4.153829409405969,1.0,1.0,1450268,349140.0,349140,-1,-1,-1
15000,27b_cc_ct_mc_mk.sql,0.9897594268188927,3.0307217195433216,1.0,1.3059464760084802,10248534,3381549.0,4416122,-1,-1,-1
15000,27b_cc_lt_mk_ml.sql,0.7226955002184359,3.831913499344692,1.0,1.0,23390,6104.0,6104,-1,-1,-1
15000,27c_cc_cct1_mc_mk.sql,1.5046186108952029,1.4861441673143916,1.0,1.0,4066835,2736501.0,2736501,-1,-1,-1
15000,27c_cc_cct2_ml_t.sql,1.660734201846183,1.017797394461451,1.0,17.83597921264327,14297,14047.0,250542,-1,-1,-1
15000,28c_cc_cct1_cct2_mc.sql,1.666666666666667,1.0,1.0,1.0,195143,195143.0,195143,-1,-1,-1
15000,28c_cc_cct2_mc_mi_idx.sql,1.6666666666666667,1.0,1.0,1.022009152320767,334997,334997.0,342370,-1,-1,-1
15000,28c_cc_cct2_mi_mk.sql,1.6666666666666667,1.0,1.0,1.0077361011319927,1386228,1386228.0,1396952,-1,-1,-1
15000,29a_an_chn_ci_n.sql,0.9305555555555556,68.375,1.0,1.0,6564,96.0,96,-1,-1,-1
15000,29a_cc_ci_k_mk.sql,-0.2726835138387485,2146.3985559566786,1.0,2.545487364620939,5945524,2770.0,7051,-1,-1,-1
15000,29b_an_ci_k_mk.sql,1.6666666666666667,1.0,1.0,1.0,13286.0,13286.0,13286,-1,-1,-1
15000,29b_cc_cct1_ci_mk.sql,1.6666666666666667,1.0,1.0,1.0156808277307314,1187246,1187246.0,1205863,-1,-1,-1
15000,30b_it2_k_mi_idx_mk.sql,1.397437750423562,1.8076867487293138,1.0,1.0,600340,332104.0,332104,-1,-1,-1
15000,30c_cc_cct1_cct2_ci.sql,1.6666666666666665,1.0,1.0,2.2306012829430406,51756,51756.0,115447,-1,-1,-1
15000,30c_cc_cct2_ci_t.sql,1.1146301153307223,2.6561096540078326,1.0,1.1626666187619012,147855,55666.0,64721,-1,-1,-1
15000,31b_ci_mc_mk_t.sql,1.0122947059363245,2.9631158821910266,1.0,2.050371593724195,10765,3633.0,7449,-1,-1,-1
15000,31c_cn_it1_mc_mi.sql,1.6666666666666665,1.0,1.0,1.0,4618,4618.0,4618,-1,-1,-1
15000,33b_cn2_mc1_mc2_ml.sql,1.242830078064735,2.271509765805795,1.0,1.0,3680868,1620450.0,1620450,-1,-1,-1
15000,5b_it_mc_mi_t.sql,2.0,-1,1.0,-1,0,0,3536,-1,-1,-1
15000,7c_ci_lt_ml_t.sql,1.6666666666666665,1.0,1.0,1.0014134069471736,1131309.0,1131309.0,1132908,-1,-1,-1
15000,8c_ci_cn_mc_rt.sql,0.8220716999928872,6.050106100745908,1.0,1.563271869899865,35413685,5853399.0,9150454,-1,-1,-1
15000,9a_ci_cn_mc_rt.sql,1.6402683358830221,1.0791949923509336,1.0,1.0,476879,441884.0,441884,-1,-1,-1
15000,9a_ci_n_rt_t.sql,1.5594879518072289,1.3215361445783131,1.0,1.3215361445783131,1755,1328.0,1755,-1,-1,-1
15000,9b_ci_cn_mc_n.sql,0.9094319399785638,172.35369774919613,1.0,1.0,107204,622.0,622,-1,-1,-1
15500,10b_ci_mc_rt_t.sql,0.8974358974358975,3.3076923076923075,1.0,1.0,43,13.0,13,-1,-1,-1
15500,14b_k_mi_mi_idx_mk.sql,1.6261046906866077,1.1216859279401767,1.0,1.0,49500,44130.0,44130,-1,-1,-1
15500,14b_kt_mi_idx_mk_t.sql,-0.015873015873015817,34862.95238095238,1.0,1.4047619047619047,2928488,84.0,118,-1,-1,-1
15500,15a_at_cn_mc_mi.sql,1.6666666666666665,1.0,1.0,169.49049429657794,263,263.0,44576,-1,-1,-1
15500,15b_at_cn_mc_t.sql,0.6938569989929507,137.33232628398792,1.0,1.0,45457,331.0,331,-1,-1,-1
15500,15d_at_cn_ct_mc.sql,1.374665620888994,1.876003137333018,1.0,1.0,4520586,2409690.0,2409690,-1,-1,-1
15500,16a_ci_cn_mc_n.sql,1.6666666666666665,1.0,1.0,1.0,65732256,65732256.0,65732256,-1,-1,-1
15500,19b_ci_cn_mc_n.sql,1.6666666666666665,1.0,1.0,1.0,622,622.0,622,-1,-1,-1
15500,19d_an_ci_mi_n.sql,0.61399411359181,4.6933746873818425,1.0,1.0117593398233393,32968817,7024544.0,7107148,-1,-1,-1
15500,19d_ci_it_mi_n.sql,1.655420093200837,1.0337397203974892,1.0,1.4332090566260012,3860961,3734945.0,5352957,-1,-1,-1
15500,20c_cc_cct2_mk_t.sql,0.42790675522697547,5.693739719151961,1.0,1.1765173524228913,3108315,545918.0,642282,-1,-1,-1
15500,22a_ct_it2_mc_mi_idx.sql,1.6666666666666667,1.0,1.0,1.0,594141,594141.0,594141,-1,-1,-1
15500,22a_it1_mi_mk_t.sql,1.6666666666666667,1.0,1.0,1.582567938183825,723047.0,723047.0,1144271,-1,-1,-1
15500,22b_cn_ct_mc_mi_idx.sql,1.5936165359773684,1.2191503920678948,1.0,1.2191503920678948,1163434,954299.0,1163434,-1,-1,-1
15500,22b_k_mc_mi_idx_mk.sql,1.6666666666666667,1.0,1.0,1.0029954238228134,337181,337181.0,338191,-1,-1,-1
15500,22d_cn_ct_mc_mi_idx.sql,1.4324281151944946,1.7027156544165163,1.0,1.0,8126047,4772404.0,4772404,-1,-1,-1
15500,22d_ct_mc_mk_t.sql,0.6706326152435544,3.988102154269337,1.0,1.7923369529984199,47798852,11985363.0,21481809,-1,-1,-1
15500,24a_an_ci_mc_rt.sql,1.6666666666666667,1.0,1.0,1.0,1711364,1711364.0,1711364,-1,-1,-1
15500,24a_chn_ci_mc_rt.sql,1.666666666666667,1.0,1.0,1.0,958522.0,958522.0,958522,-1,-1,-1
15500,24a_ci_it_mc_mi.sql,1.5926725204493557,1.2219824386519331,1.0,1.2219824386519331,921844,754384.0,921844,-1,-1,-1
15500,24a_ci_it_mi_mk.sql,1.6666666666666665,1.0,1.0,1.081850267677649,2045931,2045931.0,2213391,-1,-1,-1
15500,24a_ci_it_mi_n.sql,0.706140350877193,35.95877969259432,1.0,50.773521192361436,308814,8588.0,436043,-1,-1,-1
15500,24a_mc_mi_mk_t.sql,1.649845386449042,1.0504638406528735,1.0,1.0214157034029785,6149929,5854489.0,5979867,-1,-1,-1
15500,25b_it2_k_mi_idx_mk.sql,1.2810833810284064,2.1567498569147814,1.0,1.0,572781,265576.0,265576,-1,-1,-1
15500,26a_cc_cct2_it2_mi_idx.sql,1.6218612756161708,1.1344161731514883,1.0,1.7496479484557959,117614,103678.0,181400,-1,-1,-1
15500,26b_ci_it2_mi_idx_n.sql,1.6666666666666665,1.0,1.0,1.0,1472411.0,1472411.0,1472411,-1,-1,-1
15500,27a_cc_cct2_ct_mc.sql,1.6666666666666667,1.0,1.0,1.0,349140,349140.0,349140,-1,-1,-1
15500,27b_cc_ct_mc_mk.sql,0.9897594268188927,3.0307217195433216,1.0,1.3059464760084802,10248534,3381549.0,4416122,-1,-1,-1
15500,27b_cc_lt_mk_ml.sql,0.7226955002184359,3.831913499344692,1.0,1.0,23390,6104.0,6104,-1,-1,-1
15500,27c_cc_cct1_mc_mk.sql,1.2505927581730587,2.248221725480824,1.0,1.0,6152261,2736501.0,2736501,-1,-1,-1
15500,27c_cc_cct2_ml_t.sql,-0.10913362283761652,16.1111269310173,1.0,17.83597921264327,226313,14047.0,250542,-1,-1,-1
15500,28c_cc_cct1_cct2_mc.sql,1.656984877756312,1.029045366731064,1.0,1.0,200811,195143.0,195143,-1,-1,-1
15500,28c_cc_cct2_mc_mi_idx.sql,1.6666666666666667,1.0,1.0,1.022009152320767,334997,334997.0,342370,-1,-1,-1
15500,28c_cc_cct2_mi_mk.sql,1.6666666666666667,1.0,1.0,1.0077361011319927,1386228,1386228.0,1396952,-1,-1,-1
15500,29a_an_chn_ci_n.sql,1.6666666666666667,1.0,1.0,1.0,96.0,96.0,96,-1,-1,-1
15500,29a_cc_ci_k_mk.sql,-0.2726835138387485,557.7148014440434,1.0,2.545487364620939,1544870,2770.0,7051,-1,-1,-1
15500,29b_an_ci_k_mk.sql,0.776330974961112,133.96116212554568,1.0,1.0,1779808,13286.0,13286,-1,-1,-1
15500,29b_cc_cct1_ci_mk.sql,1.6666666666666667,1.0,1.0,1.0156808277307314,1187246,1187246.0,1205863,-1,-1,-1
15500,30b_it2_k_mi_idx_mk.sql,0.4744357189314191,12.000511887842363,1.0,1.0,3985418,332104.0,332104,-1,-1,-1
15500,30c_cc_cct1_cct2_ci.sql,0.9166087023726718,3.2501738928819845,1.0,2.2306012829430406,168216,51756.0,115447,-1,-1,-1
15500,30c_cc_cct2_ci_t.sql,1.6666666666666667,1.0,1.0,1.1626666187619012,55666,55666.0,64721,-1,-1,-1
15500,31b_ci_mc_mk_t.sql,1.6666666666666667,1.0,1.0,2.050371593724195,3633.0,3633.0,7449,-1,-1,-1
15500,31c_cn_it1_mc_mi.sql,1.6666666666666665,1.0,1.0,1.0,4618.0,4618.0,4618,-1,-1,-1
15500,33b_cn2_mc1_mc2_ml.sql,1.242830078064735,2.271509765805795,1.0,1.0,3680868,1620450.0,1620450,-1,-1,-1
15500,5b_it_mc_mi_t.sql,2.0,-1,1.0,-1,0,0,3536,-1,-1,-1
15500,7c_ci_lt_ml_t.sql,0.6703777070043051,22.151962903150245,1.0,1.0014134069471736,25060715,1131309.0,1132908,-1,-1,-1
15500,8c_ci_cn_mc_rt.sql,1.6666666666666667,1.0,1.0,1.563271869899865,5853399,5853399.0,9150454,-1,-1,-1
15500,9a_ci_cn_mc_rt.sql,1.6402683358830221,1.0791949923509336,1.0,1.0,476879,441884.0,441884,-1,-1,-1
15500,9a_ci_n_rt_t.sql,0.742218875502008,208.7296686746988,1.0,1.3215361445783131,277193,1328.0,1755,-1,-1,-1
15500,9b_ci_cn_mc_n.sql,1.6666666666666665,1.0,1.0,1.0,622,622.0,622,-1,-1,-1
16000,10b_ci_mc_rt_t.sql,1.0,20234.076923076922,1.0,1.0,263043,13.0,13,-1,-1,-1
16000,14b_k_mi_mi_idx_mk.sql,1.6261046906866077,1.1216859279401767,1.0,1.0,49500,44130.0,44130,-1,-1,-1
16000,14b_kt_mi_idx_mk_t.sql,0.7023809523809523,4.476190476190476,1.0,1.4047619047619047,376,84.0,118,-1,-1,-1
16000,15a_at_cn_mc_mi.sql,0.7629911280101394,167.39163498098858,1.0,169.49049429657794,44024,263.0,44576,-1,-1,-1
16000,15b_at_cn_mc_t.sql,1.4380664652567976,1.6858006042296072,1.0,1.0,558,331.0,331,-1,-1,-1
16000,15d_at_cn_ct_mc.sql,1.374665620888994,1.876003137333018,1.0,1.0,4520586,2409690.0,2409690,-1,-1,-1
16000,16a_ci_cn_mc_n.sql,1.6666666666666665,1.0,1.0,1.0,65732256.0,65732256.0,65732256,-1,-1,-1
16000,19b_ci_cn_mc_n.sql,0.7132904608788853,285.53054662379424,1.0,1.0,177600,622.0,622,-1,-1,-1
16000,19d_an_ci_mi_n.sql,1.2041448289502257,2.3875655131493234,1.0,1.0117593398233393,16771559,7024544.0,7107148,-1,-1,-1
16000,19d_ci_it_mi_n.sql,1.655420093200837,1.0337397203974892,1.0,1.4332090566260012,3860961,3734945.0,5352957,-1,-1,-1
16000,20c_cc_cct2_mk_t.sql,1.6666666666666665,1.0,1.0,1.1765173524228913,545918,545918.0,642282,-1,-1,-1
16000,22a_ct_it2_mc_mi_idx.sql,1.5722676379288194,1.283197086213542,1.0,1.0,762400,594141.0,594141,-1,-1,-1
16000,22a_it1_mi_mk_t.sql,1.6666666666666667,1.0,1.0,1.582567938183825,723047,723047.0,1144271,-1,-1,-1
16000,22b_cn_ct_mc_mi_idx.sql,1.5508511134001677,1.3474466597994967,1.0,1.2191503920678948,1285867,954299.0,1163434,-1,-1,-1
16000,22b_k_mc_mi_idx_mk.sql,1.6656681920590621,1.0029954238228134,1.0,1.0029954238228134,338191,337181.0,338191,-1,-1,-1
16000,22d_cn_ct_mc_mi_idx.sql,1.3016449012559148,2.095065296232255,1.0,1.0,9998498,4772404.0,4772404,-1,-1,-1
16000,22d_ct_mc_mk_t.sql,1.4025543490005268,1.7923369529984199,1.0,1.7923369529984199,21481809,11985363.0,21481809,-1,-1,-1
16000,24a_an_ci_mc_rt.sql,1.6666666666666667,1.0,1.0,1.0,1711364,1711364.0,1711364,-1,-1,-1
16000,24a_chn_ci_mc_rt.sql,1.666666666666667,1.0,1.0,1.0,958522.0,958522.0,958522,-1,-1,-1
16000,24a_ci_it_mc_mi.sql,1.5926725204493557,1.2219824386519331,1.0,1.2219824386519331,921844,754384.0,921844,-1,-1,-1
16000,24a_ci_it_mi_mk.sql,1.6666666666666665,1.0,1.0,1.081850267677649,2045931,2045931.0,2213391,-1,-1,-1
16000,24a_ci_it_mi_n.sql,0.9210526315789473,15.814741499767116,1.0,50.773521192361436,135817,8588.0,436043,-1,-1,-1
16000,24a_mc_mi_mk_t.sql,1.649845386449042,1.0504638406528735,1.0,1.0214157034029785,6149929,5854489.0,5979867,-1,-1,-1
16000,25b_it2_k_mi_idx_mk.sql,1.666666666666667,1.0,1.0,1.0,265576,265576.0,265576,-1,-1,-1
16000,26a_cc_cct2_it2_mi_idx.sql,1.666666666666667,1.0,1.0,1.7496479484557959,103678,103678.0,181400,-1,-1,-1
16000,26b_ci_it2_mi_idx_n.sql,1.6666666666666665,1.0,1.0,1.0,1472411.0,1472411.0,1472411,-1,-1,-1
16000,27a_cc_cct2_ct_mc.sql,1.6666666666666667,1.0,1.0,1.0,349140.0,349140.0,349140,-1,-1,-1
16000,27b_cc_ct_mc_mk.sql,0.9897594268188927,3.0307217195433216,1.0,1.3059464760084802,10248534,3381549.0,4416122,-1,-1,-1
16000,27b_cc_lt_mk_ml.sql,0.7226955002184359,3.831913499344692,1.0,1.0,23390,6104.0,6104,-1,-1,-1
16000,27c_cc_cct1_mc_mk.sql,0.8611481109148751,3.4165556672553747,1.0,1.0,9349408,2736501.0,2736501,-1,-1,-1
16000,27c_cc_cct2_ml_t.sql,-0.10913362283761652,17.83597921264327,1.0,17.83597921264327,250542,14047.0,250542,-1,-1,-1
16000,28c_cc_cct1_cct2_mc.sql,1.6276388767894998,1.117083369631501,1.0,1.0,217991,195143.0,195143,-1,-1,-1
16000,28c_cc_cct2_mc_mi_idx.sql,1.6666666666666667,1.0,1.0,1.022009152320767,334997,334997.0,342370,-1,-1,-1
16000,28c_cc_cct2_mi_mk.sql,0.8839498264354781,3.3481505206935656,1.0,1.0077361011319927,4641300,1386228.0,1396952,-1,-1,-1
16000,29a_an_chn_ci_n.sql,0.6875000000000001,110.57291666666667,1.0,1.0,10615,96.0,96,-1,-1,-1
16000,29a_cc_ci_k_mk.sql,-0.2726835138387485,557.7148014440434,1.0,2.545487364620939,1544870,2770.0,7051,-1,-1,-1
16000,29b_an_ci_k_mk.sql,1.6666666666666667,1.0,1.0,1.0,13286,13286.0,13286,-1,-1,-1
16000,29b_cc_cct1_ci_mk.sql,1.6614397240897563,1.0156808277307314,1.0,1.0156808277307314,1205863,1187246.0,1205863,-1,-1,-1
16000,30b_it2_k_mi_idx_mk.sql,1.397437750423562,1.8076867487293138,1.0,1.0,600340,332104.0,332104,-1,-1,-1
16000,30c_cc_cct1_cct2_ci.sql,1.6666666666666665,1.0,1.0,2.2306012829430406,51756,51756.0,115447,-1,-1,-1
16000,30c_cc_cct2_ci_t.sql,1.6666666666666667,1.0,1.0,1.1626666187619012,55666,55666.0,64721,-1,-1,-1
16000,31b_ci_mc_mk_t.sql,1.6666666666666667,1.0,1.0,2.050371593724195,3633,3633.0,7449,-1,-1,-1
16000,31c_cn_it1_mc_mi.sql,1.6666666666666665,1.0,1.0,1.0,4618,4618.0,4618,-1,-1,-1
16000,33b_cn2_mc1_mc2_ml.sql,1.242830078064735,2.271509765805795,1.0,1.0,3680868,1620450.0,1620450,-1,-1,-1
16000,5b_it_mc_mi_t.sql,2.0,-1,1.0,-1,0,0,3536,-1,-1,-1
16000,7c_ci_lt_ml_t.sql,1.6666666666666665,1.0,1.0,1.0014134069471736,1131309.0,1131309.0,1132908,-1,-1,-1
16000,8c_ci_cn_mc_rt.sql,1.6666666666666667,1.0,1.0,1.563271869899865,5853399.0,5853399.0,9150454,-1,-1,-1
16000,9a_ci_cn_mc_rt.sql,1.312822671409993,2.061531985770021,1.0,1.0,910958,441884.0,441884,-1,-1,-1
16000,9a_ci_n_rt_t.sql,0.742218875502008,208.7296686746988,1.0,1.3215361445783131,277193,1328.0,1755,-1,-1,-1
16000,9b_ci_cn_mc_n.sql,1.6666666666666665,1.0,1.0,1.0,622,622.0,622,-1,-1,-1
16500,10b_ci_mc_rt_t.sql,1.0,20234.076923076922,1.0,1.0,263043,13.0,13,-1,-1,-1
16500,14b_k_mi_mi_idx_mk.sql,1.6261046906866077,1.1216859279401767,1.0,1.0,49500,44130.0,44130,-1,-1,-1
16500,14b_kt_mi_idx_mk_t.sql,-0.015873015873015817,10.714285714285714,1.0,1.4047619047619047,900,84.0,118,-1,-1,-1
16500,15a_at_cn_mc_mi.sql,1.6666666666666665,1.0,1.0,169.49049429657794,263,263.0,44576,-1,-1,-1
16500,15b_at_cn_mc_t.sql,1.4380664652567976,1.6858006042296072,1.0,1.0,558,331.0,331,-1,-1,-1
16500,15d_at_cn_ct_mc.sql,1.3926088694673036,1.8221733915980893,1.0,1.0,4390873,2409690.0,2409690,-1,-1,-1
16500,16a_ci_cn_mc_n.sql,1.6666666666666665,1.0,1.0,1.0,65732256.0,65732256.0,65732256,-1,-1,-1
16500,19b_ci_cn_mc_n.sql,1.6666666666666665,1.0,1.0,1.0,622,622.0,622,-1,-1,-1
16500,19d_an_ci_mi_n.sql,0.21332625529381935,5.895378262275814,1.0,1.0117593398233393,41412344,7024544.0,7107148,-1,-1,-1
16500,19d_ci_it_mi_n.sql,1.522263647791333,1.4332090566260012,1.0,1.4332090566260012,5352957,3734945.0,5352957,-1,-1,-1
16500,20c_cc_cct2_mk_t.sql,1.404263399753565,1.7872098007393051,1.0,1.1765173524228913,975670,545918.0,642282,-1,-1,-1
16500,22a_ct_it2_mc_mi_idx.sql,1.5722676379288194,1.283197086213542,1.0,1.0,762400,594141.0,594141,-1,-1,-1
16500,22a_it1_mi_mk_t.sql,1.6666666666666667,1.0,1.0,1.582567938183825,723047,723047.0,1144271,-1,-1,-1
16500,22b_cn_ct_mc_mi_idx.sql,1.4733764435115897,1.5798706694652305,1.0,1.2191503920678948,1507669,954299.0,1163434,-1,-1,-1
16500,22b_k_mc_mi_idx_mk.sql,1.6656681920590621,1.0029954238228134,1.0,1.0029954238228134,338191,337181.0,338191,-1,-1,-1
16500,22d_cn_ct_mc_mi_idx.sql,1.3957871127423411,1.8126386617729764,1.0,1.0,8650644,4772404.0,4772404,-1,-1,-1
16500,22d_ct_mc_mk_t.sql,1.6053991022216014,1.1838026933351955,1.0,1.7923369529984199,14188305,11985363.0,21481809,-1,-1,-1
16500,24a_an_ci_mc_rt.sql,1.6666666666666667,1.0,1.0,1.0,1711364,1711364.0,1711364,-1,-1,-1
16500,24a_chn_ci_mc_rt.sql,1.590725443269256,1.2278236701922334,1.0,1.0,1176896,958522.0,958522,-1,-1,-1
16500,24a_ci_it_mc_mi.sql,1.5926725204493557,1.2219824386519331,1.0,1.2219824386519331,921844,754384.0,921844,-1,-1,-1
16500,24a_ci_it_mi_mk.sql,1.3991240825488902,1.8026277523533296,1.0,1.081850267677649,3688052,2045931.0,2213391,-1,-1,-1
16500,24a_ci_it_mi_n.sql,0.9210526315789473,15.814741499767116,1.0,50.773521192361436,135817,8588.0,436043,-1,-1,-1
16500,24a_mc_mi_mk_t.sql,1.6595280988656738,1.0214157034029785,1.0,1.0214157034029785,5979867,5854489.0,5979867,-1,-1,-1
16500,25b_it2_k_mi_idx_mk.sql,1.666666666666667,1.0,1.0,1.0,265576,265576.0,265576,-1,-1,-1
16500,26a_cc_cct2_it2_mi_idx.sql,1.6218612756161708,1.1344161731514883,1.0,1.7496479484557959,117614,103678.0,181400,-1,-1,-1
16500,26b_ci_it2_mi_idx_n.sql,1.6666666666666665,1.0,1.0,1.0,1472411.0,1472411.0,1472411,-1,-1,-1
16500,27a_cc_cct2_ct_mc.sql,0.7861851024421913,4.061070057856448,1.0,1.0,1417882,349140.0,349140,-1,-1,-1
16500,27b_cc_ct_mc_mk.sql,0.9897594268188927,3.0307217195433216,1.0,1.3059464760084802,10248534,3381549.0,4416122,-1,-1,-1
16500,27b_cc_lt_mk_ml.sql,0.7226955002184359,3.831913499344692,1.0,1.0,23390,6104.0,6104,-1,-1,-1
16500,27c_cc_cct1_mc_mk.sql,1.2391614936982178,2.2825155189053468,1.0,1.0,6246106,2736501.0,2736501,-1,-1,-1
16500,27c_cc_cct2_ml_t.sql,0.29574523623074916,11.729479604185947,1.0,17.83597921264327,164764,14047.0,250542,-1,-1,-1
16500,28c_cc_cct1_cct2_mc.sql,1.6276388767894998,1.117083369631501,1.0,1.0,217991,195143.0,195143,-1,-1,-1
16500,28c_cc_cct2_mc_mi_idx.sql,1.6666666666666667,1.0,1.0,1.022009152320767,334997,334997.0,342370,-1,-1,-1
16500,28c_cc_cct2_mi_mk.sql,1.6666666666666667,1.0,1.0,1.0077361011319927,1386228,1386228.0,1396952,-1,-1,-1
16500,29a_an_chn_ci_n.sql,1.1770833333333335,2.46875,1.0,1.0,237,96.0,96,-1,-1,-1
16500,29a_cc_ci_k_mk.sql,-0.2726835138387485,557.7148014440434,1.0,2.545487364620939,1544870,2770.0,7051,-1,-1,-1
16500,29b_an_ci_k_mk.sql,1.6666666666666667,1.0,1.0,1.0,13286.0,13286.0,13286,-1,-1,-1
16500,29b_cc_cct1_ci_mk.sql,1.6666666666666667,1.0,1.0,1.0156808277307314,1187246,1187246.0,1205863,-1,-1,-1
16500,30b_it2_k_mi_idx_mk.sql,1.397437750423562,1.8076867487293138,1.0,1.0,600340,332104.0,332104,-1,-1,-1
16500,30c_cc_cct1_cct2_ci.sql,1.6515830692737716,1.0452507921786847,1.0,2.2306012829430406,54098,51756.0,115447,-1,-1,-1
16500,30c_cc_cct2_ci_t.sql,0.9507958179139869,3.147612546258039,1.0,1.1626666187619012,175215,55666.0,64721,-1,-1,-1
16500,31b_ci_mc_mk_t.sql,0.014771997430956973,192.52793834296725,1.0,2.050371593724195,699454,3633.0,7449,-1,-1,-1
16500,31c_cn_it1_mc_mi.sql,0.7700303161541793,41.09571242962321,1.0,1.0,189780,4618.0,4618,-1,-1,-1
16500,33b_cn2_mc1_mc2_ml.sql,1.242830078064735,2.271509765805795,1.0,1.0,3680868,1620450.0,1620450,-1,-1,-1
16500,5b_it_mc_mi_t.sql,1.0,100.0,1.0,100.0,1768,0,3536,-1,-1,-1
16500,7c_ci_lt_ml_t.sql,1.6666666666666665,1.0,1.0,1.0014134069471736,1131309.0,1131309.0,1132908,-1,-1,-1
16500,8c_ci_cn_mc_rt.sql,1.6666666666666667,1.0,1.0,1.563271869899865,5853399,5853399.0,9150454,-1,-1,-1
16500,9a_ci_cn_mc_rt.sql,1.6666666666666665,1.0,1.0,1.0,441884,441884.0,441884,-1,-1,-1
16500,9a_ci_n_rt_t.sql,1.6666666666666667,1.0,1.0,1.3215361445783131,1328.0,1328.0,1755,-1,-1,-1
16500,9b_ci_cn_mc_n.sql,1.6666666666666665,1.0,1.0,1.0,622,622.0,622,-1,-1,-1
17000,10b_ci_mc_rt_t.sql,1.0,20234.076923076922,1.0,1.0,263043,13.0,13,-1,-1,-1
17000,14b_k_mi_mi_idx_mk.sql,1.6261046906866077,1.1216859279401767,1.0,1.0,49500,44130.0,44130,-1,-1,-1
17000,14b_kt_mi_idx_mk_t.sql,-0.015873015873015817,10.714285714285714,1.0,1.4047619047619047,900,84.0,118,-1,-1,-1
17000,15a_at_cn_mc_mi.sql,0.7629911280101394,167.39163498098858,1.0,169.49049429657794,44024,263.0,44576,-1,-1,-1
17000,15b_at_cn_mc_t.sql,0.6938569989929507,137.33232628398792,1.0,1.0,45457,331.0,331,-1,-1,-1
17000,15d_at_cn_ct_mc.sql,1.5570367972643784,1.3288896082068649,1.0,1.0,3202212,2409690.0,2409690,-1,-1,-1
17000,16a_ci_cn_mc_n.sql,1.6666666666666665,1.0,1.0,1.0,65732256.0,65732256.0,65732256,-1,-1,-1
17000,19b_ci_cn_mc_n.sql,1.6666666666666665,1.0,1.0,1.0,622,622.0,622,-1,-1,-1
17000,19d_an_ci_mi_n.sql,1.54850041986118,1.3544987404164597,1.0,1.0117593398233393,9514736,7024544.0,7107148,-1,-1,-1
17000,19d_ci_it_mi_n.sql,1.522263647791333,1.4332090566260012,1.0,1.4332090566260012,5352957,3734945.0,5352957,-1,-1,-1
17000,20c_cc_cct2_mk_t.sql,1.6078275491923695,1.1765173524228913,1.0,1.1765173524228913,642282,545918.0,642282,-1,-1,-1
17000,22a_ct_it2_mc_mi_idx.sql,1.6666666666666667,1.0,1.0,1.0,594141,594141.0,594141,-1,-1,-1
17000,22a_it1_mi_mk_t.sql,1.6666666666666667,1.0,1.0,1.582567938183825,723047.0,723047.0,1144271,-1,-1,-1
17000,22b_cn_ct_mc_mi_idx.sql,1.5508511134001677,1.3474466597994967,1.0,1.2191503920678948,1285867,954299.0,1163434,-1,-1,-1
17000,22b_k_mc_mi_idx_mk.sql,1.6656681920590621,1.0029954238228134,1.0,1.0029954238228134,338191,337181.0,338191,-1,-1,-1
17000,22d_cn_ct_mc_mi_idx.sql,1.5782979954477172,1.2651060136568488,1.0,1.0,6037597,4772404.0,4772404,-1,-1,-1
17000,22d_ct_mc_mk_t.sql,1.6666666666666667,1.0,1.0,1.7923369529984199,11985363,11985363.0,21481809,-1,-1,-1
17000,24a_an_ci_mc_rt.sql,1.6666666666666667,1.0,1.0,1.0,1711364,1711364.0,1711364,-1,-1,-1
17000,24a_chn_ci_mc_rt.sql,1.590725443269256,1.2278236701922334,1.0,1.0,1176896,958522.0,958522,-1,-1,-1
17000,24a_ci_it_mc_mi.sql,1.5926725204493557,1.2219824386519331,1.0,1.2219824386519331,921844,754384.0,921844,-1,-1,-1
17000,24a_ci_it_mi_mk.sql,1.6393832441074503,1.081850267677649,1.0,1.081850267677649,2213391,2045931.0,2213391,-1,-1,-1
17000,24a_ci_it_mi_n.sql,1.6666666666666665,1.0,1.0,50.773521192361436,8588,8588.0,436043,-1,-1,-1
17000,24a_mc_mi_mk_t.sql,0.6811262263879905,6.911647967909753,1.0,1.0214157034029785,40464167,5854489.0,5979867,-1,-1,-1
17000,25b_it2_k_mi_idx_mk.sql,0.35902215059593745,14.957966834352503,1.0,1.0,3972477,265576.0,265576,-1,-1,-1
17000,26a_cc_cct2_it2_mi_idx.sql,1.3285299999356983,2.014410000192905,1.0,1.7496479484557959,208850,103678.0,181400,-1,-1,-1
17000,26b_ci_it2_mi_idx_n.sql,1.6666666666666665,1.0,1.0,1.0,1472411.0,1472411.0,1472411,-1,-1,-1
17000,27a_cc_cct2_ct_mc.sql,1.6200177579194592,1.1399467262416223,1.0,1.0,398001,349140.0,349140,-1,-1,-1
17000,27b_cc_ct_mc_mk.sql,1.5646845079971734,1.3059464760084802,1.0,1.3059464760084802,4416122,3381549.0,4416122,-1,-1,-1
17000,27b_cc_lt_mk_ml.sql,0.7226955002184359,3.831913499344692,1.0,1.0,23390,6104.0,6104,-1,-1,-1
17000,27c_cc_cct1_mc_mk.sql,1.6666666666666667,1.0,1.0,1.0,2736501,2736501.0,2736501,-1,-1,-1
17000,27c_cc_cct2_ml_t.sql,-0.10913362283761652,16.1111269310173,1.0,17.83597921264327,226313,14047.0,250542,-1,-1,-1
17000,28c_cc_cct1_cct2_mc.sql,1.656984877756312,1.029045366731064,1.0,1.0,200811,195143.0,195143,-1,-1,-1
17000,28c_cc_cct2_mc_mi_idx.sql,1.6666666666666667,1.0,1.0,1.022009152320767,334997,334997.0,342370,-1,-1,-1
17000,28c_cc_cct2_mi_mk.sql,1.6666666666666667,1.0,1.0,1.0077361011319927,1386228,1386228.0,1396952,-1,-1,-1
17000,29a_an_chn_ci_n.sql,1.1770833333333335,2.46875,1.0,1.0,237,96.0,96,-1,-1,-1
17000,29a_cc_ci_k_mk.sql,-0.2726835138387485,2146.3985559566786,1.0,2.545487364620939,5945524,2770.0,7051,-1,-1,-1
17000,29b_an_ci_k_mk.sql,1.6666666666666667,1.0,1.0,1.0,13286.0,13286.0,13286,-1,-1,-1
17000,29b_cc_cct1_ci_mk.sql,1.6614397240897563,1.0156808277307314,1.0,1.0156808277307314,1205863,1187246.0,1205863,-1,-1,-1
17000,30b_it2_k_mi_idx_mk.sql,1.397437750423562,1.8076867487293138,1.0,1.0,600340,332104.0,332104,-1,-1,-1
17000,30c_cc_cct1_cct2_ci.sql,0.7179843882834841,3.846046835149548,1.0,2.2306012829430406,199056,51756.0,115447,-1,-1,-1
17000,30c_cc_cct2_ci_t.sql,1.1146301153307223,2.6561096540078326,1.0,1.1626666187619012,147855,55666.0,64721,-1,-1,-1
17000,31b_ci_mc_mk_t.sql,1.6666666666666667,1.0,1.0,2.050371593724195,3633,3633.0,7449,-1,-1,-1
17000,31c_cn_it1_mc_mi.sql,0.7700303161541793,41.09571242962321,1.0,1.0,189780,4618.0,4618,-1,-1,-1
17000,33b_cn2_mc1_mc2_ml.sql,1.242830078064735,2.271509765805795,1.0,1.0,3680868,1620450.0,1620450,-1,-1,-1
17000,5b_it_mc_mi_t.sql,1.0,100.0,1.0,100.0,552777,0,3536,-1,-1,-1
17000,7c_ci_lt_ml_t.sql,1.2186169590565739,2.344149122830279,1.0,1.0014134069471736,2651957,1131309.0,1132908,-1,-1,-1
17000,8c_ci_cn_mc_rt.sql,1.6666666666666667,1.0,1.0,1.563271869899865,5853399,5853399.0,9150454,-1,-1,-1
17000,9a_ci_cn_mc_rt.sql,1.6666666666666665,1.0,1.0,1.0,441884.0,441884.0,441884,-1,-1,-1
17000,9a_ci_n_rt_t.sql,-0.07530120481927705,359.0451807228916,1.0,1.3215361445783131,476812,1328.0,1755,-1,-1,-1
17000,9b_ci_cn_mc_n.sql,1.6666666666666665,1.0,1.0,1.0,622,622.0,622,-1,-1,-1
17500,10b_ci_mc_rt_t.sql,0.0,50168.769230769234,1.0,1.0,652194,13.0,13,-1,-1,-1
17500,14b_k_mi_mi_idx_mk.sql,1.6261046906866077,1.1216859279401767,1.0,1.0,49500,44130.0,44130,-1,-1,-1
17500,14b_kt_mi_idx_mk_t.sql,0.5674603174603174,34860.619047619046,1.0,1.4047619047619047,2928292,84.0,118,-1,-1,-1
17500,15a_at_cn_mc_mi.sql,1.6666666666666665,1.0,1.0,169.49049429657794,263,263.0,44576,-1,-1,-1
17500,15b_at_cn_mc_t.sql,-0.02618328298086603,157.9667673716012,1.0,1.0,52287,331.0,331,-1,-1,-1
17500,15d_at_cn_ct_mc.sql,1.374665620888994,1.876003137333018,1.0,1.0,4520586,2409690.0,2409690,-1,-1,-1
17500,16a_ci_cn_mc_n.sql,1.6666666666666665,1.0,1.0,1.0,65732256.0,65732256.0,65732256,-1,-1,-1
17500,19b_ci_cn_mc_n.sql,0.9094319399785638,172.35369774919613,1.0,1.0,107204,622.0,622,-1,-1,-1
17500,19d_an_ci_mi_n.sql,1.54850041986118,1.3544987404164597,1.0,1.0117593398233393,9514736,7024544.0,7107148,-1,-1,-1
17500,19d_ci_it_mi_n.sql,1.522263647791333,1.4332090566260012,1.0,1.4332090566260012,5352957,3734945.0,5352957,-1,-1,-1
17500,20c_cc_cct2_mk_t.sql,1.6078275491923695,1.1765173524228913,1.0,1.1765173524228913,642282,545918.0,642282,-1,-1,-1
17500,22a_ct_it2_mc_mi_idx.sql,1.6666666666666667,1.0,1.0,1.0,594141,594141.0,594141,-1,-1,-1
17500,22a_it1_mi_mk_t.sql,1.6666666666666667,1.0,1.0,1.582567938183825,723047.0,723047.0,1144271,-1,-1,-1
17500,22b_cn_ct_mc_mi_idx.sql,1.4733764435115897,1.5798706694652305,1.0,1.2191503920678948,1507669,954299.0,1163434,-1,-1,-1
17500,22b_k_mc_mi_idx_mk.sql,1.6666666666666667,1.0,1.0,1.0029954238228134,337181,337181.0,338191,-1,-1,-1
17500,22d_cn_ct_mc_mi_idx.sql,1.4324281151944946,1.7027156544165163,1.0,1.0,8126047,4772404.0,4772404,-1,-1,-1
17500,22d_ct_mc_mk_t.sql,1.6666666666666667,1.0,1.0,1.7923369529984199,11985363,11985363.0,21481809,-1,-1,-1
17500,24a_an_ci_mc_rt.sql,1.6609240738187006,1.0172277785438983,1.0,1.0,1740847,1711364.0,1711364,-1,-1,-1
17500,24a_chn_ci_mc_rt.sql,1.590725443269256,1.2278236701922334,1.0,1.0,1176896,958522.0,958522,-1,-1,-1
17500,24a_ci_it_mc_mi.sql,1.5926725204493557,1.2219824386519331,1.0,1.2219824386519331,921844,754384.0,921844,-1,-1,-1
17500,24a_ci_it_mi_mk.sql,1.6393832441074503,1.081850267677649,1.0,1.081850267677649,2213391,2045931.0,2213391,-1,-1,-1
17500,24a_ci_it_mi_n.sql,0.9210526315789473,15.814741499767116,1.0,50.773521192361436,135817,8588.0,436043,-1,-1,-1
17500,24a_mc_mi_mk_t.sql,1.6666666666666667,1.0,1.0,1.0214157034029785,5854489,5854489.0,5979867,-1,-1,-1
17500,25b_it2_k_mi_idx_mk.sql,0.35902215059593745,14.957966834352503,1.0,1.0,3972477,265576.0,265576,-1,-1,-1
17500,26a_cc_cct2_it2_mi_idx.sql,1.6218612756161708,1.1344161731514883,1.0,1.7496479484557959,117614,103678.0,181400,-1,-1,-1
17500,26b_ci_it2_mi_idx_n.sql,0.8315393369559632,25.121025311546845,1.0,1.0,36988474,1472411.0,1472411,-1,-1,-1
17500,27a_cc_cct2_ct_mc.sql,1.603124820988715,1.1906255370338545,1.0,1.0,415695,349140.0,349140,-1,-1,-1
17500,27b_cc_ct_mc_mk.sql,1.5646845079971734,1.3059464760084802,1.0,1.3059464760084802,4416122,3381549.0,4416122,-1,-1,-1
17500,27b_cc_lt_mk_ml.sql,1.6666666666666665,1.0,1.0,1.0,6104,6104.0,6104,-1,-1,-1
17500,27c_cc_cct1_mc_mk.sql,0.8611481109148751,3.4165556672553747,1.0,1.0,9349408,2736501.0,2736501,-1,-1,-1
17500,27c_cc_cct2_ml_t.sql,0.29574523623074916,11.729479604185947,1.0,17.83597921264327,164764,14047.0,250542,-1,-1,-1
17500,28c_cc_cct1_cct2_mc.sql,1.635520276583497,1.0934391702495094,1.0,1.0,213377,195143.0,195143,-1,-1,-1
17500,28c_cc_cct2_mc_mi_idx.sql,1.6666666666666667,1.0,1.0,1.022009152320767,334997,334997.0,342370,-1,-1,-1
17500,28c_cc_cct2_mi_mk.sql,1.6666666666666667,1.0,1.0,1.0077361011319927,1386228,1386228.0,1396952,-1,-1,-1
17500,29a_an_chn_ci_n.sql,1.6666666666666667,1.0,1.0,1.0,96.0,96.0,96,-1,-1,-1
17500,29a_cc_ci_k_mk.sql,-0.2726835138387485,557.7148014440434,1.0,2.545487364620939,1544870,2770.0,7051,-1,-1,-1
17500,29b_an_ci_k_mk.sql,1.6666666666666667,1.0,1.0,1.0,13286.0,13286.0,13286,-1,-1,-1
17500,29b_cc_cct1_ci_mk.sql,1.6666666666666667,1.0,1.0,1.0156808277307314,1187246,1187246.0,1205863,-1,-1,-1
17500,30b_it2_k_mi_idx_mk.sql,1.397437750423562,1.8076867487293138,1.0,1.0,600340,332104.0,332104,-1,-1,-1
17500,30c_cc_cct1_cct2_ci.sql,0.7179843882834841,3.846046835149548,1.0,2.2306012829430406,199056,51756.0,115447,-1,-1,-1
17500,30c_cc_cct2_ci_t.sql,1.6666666666666667,1.0,1.0,1.1626666187619012,55666,55666.0,64721,-1,-1,-1
17500,31b_ci_mc_mk_t.sql,1.0122947059363245,2.9631158821910266,1.0,2.050371593724195,10765,3633.0,7449,-1,-1,-1
17500,31c_cn_it1_mc_mi.sql,0.7700303161541793,41.09571242962321,1.0,1.0,189780,4618.0,4618,-1,-1,-1
17500,33b_cn2_mc1_mc2_ml.sql,1.242830078064735,2.271509765805795,1.0,1.0,3680868,1620450.0,1620450,-1,-1,-1
17500,5b_it_mc_mi_t.sql,2.0,-1,1.0,-1,0,0,3536,-1,-1,-1
17500,7c_ci_lt_ml_t.sql,1.6666666666666665,1.0,1.0,1.0014134069471736,1131309,1131309.0,1132908,-1,-1,-1
17500,8c_ci_cn_mc_rt.sql,1.6666666666666667,1.0,1.0,1.563271869899865,5853399.0,5853399.0,9150454,-1,-1,-1
17500,9a_ci_cn_mc_rt.sql,1.6666666666666665,1.0,1.0,1.0,441884,441884.0,441884,-1,-1,-1
17500,9a_ci_n_rt_t.sql,1.5594879518072289,1.3215361445783131,1.0,1.3215361445783131,1755,1328.0,1755,-1,-1,-1
17500,9b_ci_cn_mc_n.sql,0.9094319399785638,172.35369774919613,1.0,1.0,107204,622.0,622,-1,-1,-1
18000,10b_ci_mc_rt_t.sql,1.0,20234.076923076922,1.0,1.0,263043,13.0,13,-1,-1,-1
18000,14b_k_mi_mi_idx_mk.sql,0.7582974544905206,5.291525039655563,1.0,1.0,233515,44130.0,44130,-1,-1,-1
18000,14b_kt_mi_idx_mk_t.sql,0.5674603174603174,34860.619047619046,1.0,1.4047619047619047,2928292,84.0,118,-1,-1,-1
18000,15a_at_cn_mc_mi.sql,1.6666666666666665,1.0,1.0,169.49049429657794,263,263.0,44576,-1,-1,-1
18000,15b_at_cn_mc_t.sql,0.94662638469285,63.49848942598187,1.0,1.0,21018,331.0,331,-1,-1,-1
18000,15d_at_cn_ct_mc.sql,1.5939253596935705,1.2182239209192884,1.0,1.0,2935542,2409690.0,2409690,-1,-1,-1
18000,16a_ci_cn_mc_n.sql,1.6666666666666665,1.0,1.0,1.0,65732256.0,65732256.0,65732256,-1,-1,-1
18000,19b_ci_cn_mc_n.sql,1.6666666666666665,1.0,1.0,1.0,622,622.0,622,-1,-1,-1
18000,19d_an_ci_mi_n.sql,1.54850041986118,1.3544987404164597,1.0,1.0117593398233393,9514736,7024544.0,7107148,-1,-1,-1
18000,19d_ci_it_mi_n.sql,1.522263647791333,1.4332090566260012,1.0,1.4332090566260012,5352957,3734945.0,5352957,-1,-1,-1
18000,20c_cc_cct2_mk_t.sql,1.6666666666666665,1.0,1.0,1.1765173524228913,545918,545918.0,642282,-1,-1,-1
18000,22a_ct_it2_mc_mi_idx.sql,1.6666666666666667,1.0,1.0,1.0,594141,594141.0,594141,-1,-1,-1
18000,22a_it1_mi_mk_t.sql,1.6666666666666667,1.0,1.0,1.582567938183825,723047,723047.0,1144271,-1,-1,-1
18000,22b_cn_ct_mc_mi_idx.sql,1.647496224977706,1.0575113250668815,1.0,1.2191503920678948,1009182,954299.0,1163434,-1,-1,-1
18000,22b_k_mc_mi_idx_mk.sql,1.2316273257785384,2.305118022664385,1.0,1.0029954238228134,777242,337181.0,338191,-1,-1,-1
18000,22d_cn_ct_mc_mi_idx.sql,1.4324281151944946,1.7027156544165163,1.0,1.0,8126047,4772404.0,4772404,-1,-1,-1
18000,22d_ct_mc_mk_t.sql,0.45601094156820005,4.6319671752954,1.0,1.7923369529984199,55515808,11985363.0,21481809,-1,-1,-1
18000,24a_an_ci_mc_rt.sql,1.6609240738187006,1.0172277785438983,1.0,1.0,1740847,1711364.0,1711364,-1,-1,-1
18000,24a_chn_ci_mc_rt.sql,1.666666666666667,1.0,1.0,1.0,958522.0,958522.0,958522,-1,-1,-1
18000,24a_ci_it_mc_mi.sql,1.5926725204493557,1.2219824386519331,1.0,1.2219824386519331,921844,754384.0,921844,-1,-1,-1
18000,24a_ci_it_mi_mk.sql,1.6666666666666665,1.0,1.0,1.081850267677649,2045931,2045931.0,2213391,-1,-1,-1
18000,24a_ci_it_mi_n.sql,0.9210526315789473,15.814741499767116,1.0,50.773521192361436,135817,8588.0,436043,-1,-1,-1
18000,24a_mc_mi_mk_t.sql,1.6666666666666667,1.0,1.0,1.0214157034029785,5854489,5854489.0,5979867,-1,-1,-1
18000,25b_it2_k_mi_idx_mk.sql,1.2810833810284064,2.1567498569147814,1.0,1.0,572781,265576.0,265576,-1,-1,-1
18000,26a_cc_cct2_it2_mi_idx.sql,1.666666666666667,1.0,1.0,1.7496479484557959,103678,103678.0,181400,-1,-1,-1
18000,26b_ci_it2_mi_idx_n.sql,1.6666666666666665,1.0,1.0,1.0,1472411.0,1472411.0,1472411,-1,-1,-1
18000,27a_cc_cct2_ct_mc.sql,0.7552653185923508,4.153829409405969,1.0,1.0,1450268,349140.0,349140,-1,-1,-1
18000,27b_cc_ct_mc_mk.sql,1.5646845079971734,1.3059464760084802,1.0,1.3059464760084802,4416122,3381549.0,4416122,-1,-1,-1
18000,27b_cc_lt_mk_ml.sql,1.6666666666666665,1.0,1.0,1.0,6104,6104.0,6104,-1,-1,-1
18000,27c_cc_cct1_mc_mk.sql,1.5046186108952029,1.4861441673143916,1.0,1.0,4066835,2736501.0,2736501,-1,-1,-1
18000,27c_cc_cct2_ml_t.sql,0.29574523623074916,11.729479604185947,1.0,17.83597921264327,164764,14047.0,250542,-1,-1,-1
18000,28c_cc_cct1_cct2_mc.sql,1.666666666666667,1.0,1.0,1.0,195143,195143.0,195143,-1,-1,-1
18000,28c_cc_cct2_mc_mi_idx.sql,1.6666666666666667,1.0,1.0,1.022009152320767,334997,334997.0,342370,-1,-1,-1
18000,28c_cc_cct2_mi_mk.sql,1.4042769299134055,1.787169210259784,1.0,1.0077361011319927,2477424,1386228.0,1396952,-1,-1,-1
18000,29a_an_chn_ci_n.sql,-0.04861111111111105,153.70833333333334,1.0,1.0,14756,96.0,96,-1,-1,-1
18000,29a_cc_ci_k_mk.sql,-0.2726835138387485,557.7148014440434,1.0,2.545487364620939,1544870,2770.0,7051,-1,-1,-1
18000,29b_an_ci_k_mk.sql,1.6666666666666667,1.0,1.0,1.0,13286.0,13286.0,13286,-1,-1,-1
18000,29b_cc_cct1_ci_mk.sql,1.2640713606671798,2.2077859179984602,1.0,1.0156808277307314,2621185,1187246.0,1205863,-1,-1,-1
18000,30b_it2_k_mi_idx_mk.sql,0.4744357189314191,12.000511887842363,1.0,1.0,3985418,332104.0,332104,-1,-1,-1
18000,30c_cc_cct1_cct2_ci.sql,0.9166087023726718,3.2501738928819845,1.0,2.2306012829430406,168216,51756.0,115447,-1,-1,-1
18000,30c_cc_cct2_ci_t.sql,1.1146301153307223,2.6561096540078326,1.0,1.1626666187619012,147855,55666.0,64721,-1,-1,-1
18000,31b_ci_mc_mk_t.sql,1.6666666666666667,1.0,1.0,2.050371593724195,3633,3633.0,7449,-1,-1,-1
18000,31c_cn_it1_mc_mi.sql,1.6666666666666665,1.0,1.0,1.0,4618,4618.0,4618,-1,-1,-1
18000,33b_cn2_mc1_mc2_ml.sql,1.5483433614119533,1.3549699157641395,1.0,1.0,2195661,1620450.0,1620450,-1,-1,-1
18000,5b_it_mc_mi_t.sql,2.0,-1,1.0,-1,0,0,3536,-1,-1,-1
18000,7c_ci_lt_ml_t.sql,1.2186169590565739,2.344149122830279,1.0,1.0014134069471736,2651957,1131309.0,1132908,-1,-1,-1
18000,8c_ci_cn_mc_rt.sql,1.6666666666666667,1.0,1.0,1.563271869899865,5853399.0,5853399.0,9150454,-1,-1,-1
18000,9a_ci_cn_mc_rt.sql,1.6666666666666665,1.0,1.0,1.0,441884,441884.0,441884,-1,-1,-1
18000,9a_ci_n_rt_t.sql,0.742218875502008,208.7296686746988,1.0,1.3215361445783131,277193,1328.0,1755,-1,-1,-1
18000,9b_ci_cn_mc_n.sql,0.7132904608788853,285.53054662379424,1.0,1.0,177600,622.0,622,-1,-1,-1
18500,10b_ci_mc_rt_t.sql,0.23076923076923084,211021.92307692306,1.0,1.0,2743285,13.0,13,-1,-1,-1
18500,14b_k_mi_mi_idx_mk.sql,1.6666666666666665,1.0,1.0,1.0,44130,44130.0,44130,-1,-1,-1
18500,14b_kt_mi_idx_mk_t.sql,0.5674603174603174,34860.619047619046,1.0,1.4047619047619047,2928292,84.0,118,-1,-1,-1
18500,15a_at_cn_mc_mi.sql,1.6666666666666665,1.0,1.0,169.49049429657794,263,263.0,44576,-1,-1,-1
18500,15b_at_cn_mc_t.sql,0.6938569989929507,137.33232628398792,1.0,1.0,45457,331.0,331,-1,-1,-1
18500,15d_at_cn_ct_mc.sql,1.6666666666666667,1.0,1.0,1.0,2409690,2409690.0,2409690,-1,-1,-1
18500,16a_ci_cn_mc_n.sql,1.6466099738510924,1.0601700784467218,1.0,1.0,69687371,65732256.0,65732256,-1,-1,-1
18500,19b_ci_cn_mc_n.sql,1.6666666666666665,1.0,1.0,1.0,622,622.0,622,-1,-1,-1
18500,19d_an_ci_mi_n.sql,1.2041448289502257,2.3875655131493234,1.0,1.0117593398233393,16771559,7024544.0,7107148,-1,-1,-1
18500,19d_ci_it_mi_n.sql,1.522263647791333,1.4332090566260012,1.0,1.4332090566260012,5352957,3734945.0,5352957,-1,-1,-1
18500,20c_cc_cct2_mk_t.sql,1.6666666666666665,1.0,1.0,1.1765173524228913,545918,545918.0,642282,-1,-1,-1
18500,22a_ct_it2_mc_mi_idx.sql,1.6666666666666667,1.0,1.0,1.0,594141,594141.0,594141,-1,-1,-1
18500,22a_it1_mi_mk_t.sql,1.6666666666666667,1.0,1.0,1.582567938183825,723047.0,723047.0,1144271,-1,-1,-1
18500,22b_cn_ct_mc_mi_idx.sql,1.4733764435115897,1.5798706694652305,1.0,1.2191503920678948,1507669,954299.0,1163434,-1,-1,-1
18500,22b_k_mc_mi_idx_mk.sql,1.6666666666666667,1.0,1.0,1.0029954238228134,337181,337181.0,338191,-1,-1,-1
18500,22d_cn_ct_mc_mi_idx.sql,1.4324281151944946,1.7027156544165163,1.0,1.0,8126047,4772404.0,4772404,-1,-1,-1
18500,22d_ct_mc_mk_t.sql,-0.22642014819798673,6.67926044459396,1.0,1.7923369529984199,80053361,11985363.0,21481809,-1,-1,-1
18500,24a_an_ci_mc_rt.sql,1.6609240738187006,1.0172277785438983,1.0,1.0,1740847,1711364.0,1711364,-1,-1,-1
18500,24a_chn_ci_mc_rt.sql,1.666666666666667,1.0,1.0,1.0,958522,958522.0,958522,-1,-1,-1
18500,24a_ci_it_mc_mi.sql,1.6666666666666667,1.0,1.0,1.2219824386519331,754384,754384.0,921844,-1,-1,-1
18500,24a_ci_it_mi_mk.sql,1.6666666666666665,1.0,1.0,1.081850267677649,2045931.0,2045931.0,2213391,-1,-1,-1
18500,24a_ci_it_mi_n.sql,1.6666666666666665,1.0,1.0,50.773521192361436,8588,8588.0,436043,-1,-1,-1
18500,24a_mc_mi_mk_t.sql,1.6595280988656738,1.0214157034029785,1.0,1.0214157034029785,5979867,5854489.0,5979867,-1,-1,-1
18500,25b_it2_k_mi_idx_mk.sql,0.35902215059593745,14.957966834352503,1.0,1.0,3972477,265576.0,265576,-1,-1,-1
18500,26a_cc_cct2_it2_mi_idx.sql,1.666666666666667,1.0,1.0,1.7496479484557959,103678,103678.0,181400,-1,-1,-1
18500,26b_ci_it2_mi_idx_n.sql,1.6666666666666665,1.0,1.0,1.0,1472411.0,1472411.0,1472411,-1,-1,-1
18500,27a_cc_cct2_ct_mc.sql,1.6200177579194592,1.1399467262416223,1.0,1.0,398001,349140.0,349140,-1,-1,-1
18500,27b_cc_ct_mc_mk.sql,0.9897594268188927,3.0307217195433216,1.0,1.3059464760084802,10248534,3381549.0,4416122,-1,-1,-1
18500,27b_cc_lt_mk_ml.sql,0.6807011795543905,356.68643512450853,1.0,1.0,2177214,6104.0,6104,-1,-1,-1
18500,27c_cc_cct1_mc_mk.sql,1.6577241033957841,1.0268276898126476,1.0,1.0,2809915,2736501.0,2736501,-1,-1,-1
18500,27c_cc_cct2_ml_t.sql,0.781732754324767,8.546664768277925,1.0,17.83597921264327,120055,14047.0,250542,-1,-1,-1
18500,28c_cc_cct1_cct2_mc.sql,1.656984877756312,1.029045366731064,1.0,1.0,200811,195143.0,195143,-1,-1,-1
18500,28c_cc_cct2_mc_mi_idx.sql,1.6666666666666667,1.0,1.0,1.022009152320767,334997,334997.0,342370,-1,-1,-1
18500,28c_cc_cct2_mi_mk.sql,1.6666666666666667,1.0,1.0,1.0077361011319927,1386228,1386228.0,1396952,-1,-1,-1
18500,29a_an_chn_ci_n.sql,0.9305555555555556,68.375,1.0,1.0,6564,96.0,96,-1,-1,-1
18500,29a_cc_ci_k_mk.sql,0.20132370637785799,1615.384476534296,1.0,2.545487364620939,4474615,2770.0,7051,-1,-1,-1
18500,29b_an_ci_k_mk.sql,1.6666666666666667,1.0,1.0,1.0,13286.0,13286.0,13286,-1,-1,-1
18500,29b_cc_cct1_ci_mk.sql,1.6666666666666667,1.0,1.0,1.0156808277307314,1187246,1187246.0,1205863,-1,-1,-1
18500,30b_it2_k_mi_idx_mk.sql,1.397437750423562,1.8076867487293138,1.0,1.0,600340,332104.0,332104,-1,-1,-1
18500,30c_cc_cct1_cct2_ci.sql,1.0729255223226937,2.781223433031919,1.0,2.2306012829430406,143945,51756.0,115447,-1,-1,-1
18500,30c_cc_cct2_ci_t.sql,1.6666666666666667,1.0,1.0,1.1626666187619012,55666,55666.0,64721,-1,-1,-1
18500,31b_ci_mc_mk_t.sql,1.6666666666666667,1.0,1.0,2.050371593724195,3633,3633.0,7449,-1,-1,-1
18500,31c_cn_it1_mc_mi.sql,1.6666666666666665,1.0,1.0,1.0,4618,4618.0,4618,-1,-1,-1
18500,33b_cn2_mc1_mc2_ml.sql,1.242830078064735,2.271509765805795,1.0,1.0,3680868,1620450.0,1620450,-1,-1,-1
18500,5b_it_mc_mi_t.sql,1.0,100.0,1.0,100.0,552777,0,3536,-1,-1,-1
18500,7c_ci_lt_ml_t.sql,1.2186169590565739,2.344149122830279,1.0,1.0014134069471736,2651957,1131309.0,1132908,-1,-1,-1
18500,8c_ci_cn_mc_rt.sql,1.6666666666666667,1.0,1.0,1.563271869899865,5853399,5853399.0,9150454,-1,-1,-1
18500,9a_ci_cn_mc_rt.sql,1.3226548143856758,2.032035556842972,1.0,1.0,897924,441884.0,441884,-1,-1,-1
18500,9a_ci_n_rt_t.sql,1.5594879518072289,1.3215361445783131,1.0,1.3215361445783131,1755,1328.0,1755,-1,-1,-1
18500,9b_ci_cn_mc_n.sql,0.7132904608788853,285.53054662379424,1.0,1.0,177600,622.0,622,-1,-1,-1
19000,10b_ci_mc_rt_t.sql,0.0,240954.3076923077,1.0,1.0,3132406,13.0,13,-1,-1,-1
19000,14b_k_mi_mi_idx_mk.sql,1.6666666666666665,1.0,1.0,1.0,44130,44130.0,44130,-1,-1,-1
19000,14b_kt_mi_idx_mk_t.sql,0.23015873015873023,9.392857142857142,1.0,1.4047619047619047,789,84.0,118,-1,-1,-1
19000,15a_at_cn_mc_mi.sql,0.9277566539923955,3.216730038022814,1.0,169.49049429657794,846,263.0,44576,-1,-1,-1
19000,15b_at_cn_mc_t.sql,0.6938569989929507,137.33232628398792,1.0,1.0,45457,331.0,331,-1,-1,-1
19000,15d_at_cn_ct_mc.sql,1.5570367972643784,1.3288896082068649,1.0,1.0,3202212,2409690.0,2409690,-1,-1,-1
19000,16a_ci_cn_mc_n.sql,1.6666666666666665,1.0,1.0,1.0,65732256.0,65732256.0,65732256,-1,-1,-1
19000,19b_ci_cn_mc_n.sql,1.6666666666666665,1.0,1.0,1.0,622,622.0,622,-1,-1,-1
19000,19d_an_ci_mi_n.sql,1.54850041986118,1.3544987404164597,1.0,1.0117593398233393,9514736,7024544.0,7107148,-1,-1,-1
19000,19d_ci_it_mi_n.sql,1.655420093200837,1.0337397203974892,1.0,1.4332090566260012,3860961,3734945.0,5352957,-1,-1,-1
19000,20c_cc_cct2_mk_t.sql,0.63147090466578,5.0830472708355465,1.0,1.1765173524228913,2774927,545918.0,642282,-1,-1,-1
19000,22a_ct_it2_mc_mi_idx.sql,1.6666666666666667,1.0,1.0,1.0,594141,594141.0,594141,-1,-1,-1
19000,22a_it1_mi_mk_t.sql,1.4724773539387253,1.582567938183825,1.0,1.582567938183825,1144271,723047.0,1144271,-1,-1,-1
19000,22b_cn_ct_mc_mi_idx.sql,1.5508511134001677,1.3474466597994967,1.0,1.2191503920678948,1285867,954299.0,1163434,-1,-1,-1
19000,22b_k_mc_mi_idx_mk.sql,1.2316273257785384,2.305118022664385,1.0,1.0029954238228134,777242,337181.0,338191,-1,-1,-1
19000,22d_cn_ct_mc_mi_idx.sql,1.4324281151944946,1.7027156544165163,1.0,1.0,8126047,4772404.0,4772404,-1,-1,-1
19000,22d_ct_mc_mk_t.sql,1.6666666666666667,1.0,1.0,1.7923369529984199,11985363.0,11985363.0,21481809,-1,-1,-1
19000,24a_an_ci_mc_rt.sql,1.6609240738187006,1.0172277785438983,1.0,1.0,1740847,1711364.0,1711364,-1,-1,-1
19000,24a_chn_ci_mc_rt.sql,1.666666666666667,1.0,1.0,1.0,958522,958522.0,958522,-1,-1,-1
19000,24a_ci_it_mc_mi.sql,1.5926725204493557,1.2219824386519331,1.0,1.2219824386519331,921844,754384.0,921844,-1,-1,-1
19000,24a_ci_it_mi_mk.sql,1.6393832441074503,1.081850267677649,1.0,1.081850267677649,2213391,2045931.0,2213391,-1,-1,-1
19000,24a_ci_it_mi_n.sql,0.9210526315789473,15.814741499767116,1.0,50.773521192361436,135817,8588.0,436043,-1,-1,-1
19000,24a_mc_mi_mk_t.sql,1.6595280988656738,1.0214157034029785,1.0,1.0214157034029785,5979867,5854489.0,5979867,-1,-1,-1
19000,25b_it2_k_mi_idx_mk.sql,1.2810833810284064,2.1567498569147814,1.0,1.0,572781,265576.0,265576,-1,-1,-1
19000,26a_cc_cct2_it2_mi_idx.sql,1.666666666666667,1.0,1.0,1.7496479484557959,103678,103678.0,181400,-1,-1,-1
19000,26b_ci_it2_mi_idx_n.sql,1.6666666666666665,1.0,1.0,1.0,1472411,1472411.0,1472411,-1,-1,-1
19000,27a_cc_cct2_ct_mc.sql,0.7552653185923508,4.153829409405969,1.0,1.0,1450268,349140.0,349140,-1,-1,-1
19000,27b_cc_ct_mc_mk.sql,1.5646845079971734,1.3059464760084802,1.0,1.3059464760084802,4416122,3381549.0,4416122,-1,-1,-1
19000,27b_cc_lt_mk_ml.sql,0.7226955002184359,3.831913499344692,1.0,1.0,23390,6104.0,6104,-1,-1,-1
19000,27c_cc_cct1_mc_mk.sql,1.5046186108952029,1.4861441673143916,1.0,1.0,4066835,2736501.0,2736501,-1,-1,-1
19000,27c_cc_cct2_ml_t.sql,1.1866116133931326,2.4401651598206024,1.0,17.83597921264327,34277,14047.0,250542,-1,-1,-1
19000,28c_cc_cct1_cct2_mc.sql,1.666666666666667,1.0,1.0,1.0,195143,195143.0,195143,-1,-1,-1
19000,28c_cc_cct2_mc_mi_idx.sql,1.6666666666666667,1.0,1.0,1.022009152320767,334997,334997.0,342370,-1,-1,-1
19000,28c_cc_cct2_mi_mk.sql,0.69566790840564,3.9129962747830804,1.0,1.0077361011319927,5424305,1386228.0,1396952,-1,-1,-1
19000,29a_an_chn_ci_n.sql,1.1770833333333335,2.46875,1.0,1.0,237,96.0,96,-1,-1,-1
19000,29a_cc_ci_k_mk.sql,-0.2726835138387485,1317.2971119133574,1.0,2.545487364620939,3648913,2770.0,7051,-1,-1,-1
19000,29b_an_ci_k_mk.sql,1.6666666666666667,1.0,1.0,1.0,13286,13286.0,13286,-1,-1,-1
19000,29b_cc_cct1_ci_mk.sql,1.6614397240897563,1.0156808277307314,1.0,1.0156808277307314,1205863,1187246.0,1205863,-1,-1,-1
19000,30b_it2_k_mi_idx_mk.sql,0.4744357189314191,12.000511887842363,1.0,1.0,3985418,332104.0,332104,-1,-1,-1
19000,30c_cc_cct1_cct2_ci.sql,1.2564662390189865,2.2306012829430406,1.0,2.2306012829430406,115447,51756.0,115447,-1,-1,-1
19000,30c_cc_cct2_ci_t.sql,1.6124444604126995,1.1626666187619012,1.0,1.1626666187619012,64721,55666.0,64721,-1,-1,-1
19000,31b_ci_mc_mk_t.sql,1.6666666666666667,1.0,1.0,2.050371593724195,3633,3633.0,7449,-1,-1,-1
19000,31c_cn_it1_mc_mi.sql,1.6666666666666665,1.0,1.0,1.0,4618,4618.0,4618,-1,-1,-1
19000,33b_cn2_mc1_mc2_ml.sql,1.5483433614119533,1.3549699157641395,1.0,1.0,2195661,1620450.0,1620450,-1,-1,-1
19000,5b_it_mc_mi_t.sql,0.0,100.0,1.0,100.0,3536,0,3536,-1,-1,-1
19000,7c_ci_lt_ml_t.sql,1.2805932478806998,2.1582202563579003,1.0,1.0014134069471736,2441614,1131309.0,1132908,-1,-1,-1
19000,8c_ci_cn_mc_rt.sql,1.6666666666666667,1.0,1.0,1.563271869899865,5853399.0,5853399.0,9150454,-1,-1,-1
19000,9a_ci_cn_mc_rt.sql,1.6666666666666665,1.0,1.0,1.0,441884,441884.0,441884,-1,-1,-1
19000,9a_ci_n_rt_t.sql,0.742218875502008,208.7296686746988,1.0,1.3215361445783131,277193,1328.0,1755,-1,-1,-1
19000,9b_ci_cn_mc_n.sql,1.6666666666666665,1.0,1.0,1.0,622,622.0,622,-1,-1,-1
19500,10b_ci_mc_rt_t.sql,0.8974358974358975,3.3076923076923075,1.0,1.0,43,13.0,13,-1,-1,-1
19500,14b_k_mi_mi_idx_mk.sql,1.6261046906866077,1.1216859279401767,1.0,1.0,49500,44130.0,44130,-1,-1,-1
19500,14b_kt_mi_idx_mk_t.sql,-0.015873015873015817,10.714285714285714,1.0,1.4047619047619047,900,84.0,118,-1,-1,-1
19500,15a_at_cn_mc_mi.sql,0.7629911280101394,167.39163498098858,1.0,169.49049429657794,44024,263.0,44576,-1,-1,-1
19500,15b_at_cn_mc_t.sql,0.6938569989929507,137.33232628398792,1.0,1.0,45457,331.0,331,-1,-1,-1
19500,15d_at_cn_ct_mc.sql,1.5570367972643784,1.3288896082068649,1.0,1.0,3202212,2409690.0,2409690,-1,-1,-1
19500,16a_ci_cn_mc_n.sql,1.6666666666666665,1.0,1.0,1.0,65732256.0,65732256.0,65732256,-1,-1,-1
19500,19b_ci_cn_mc_n.sql,1.6666666666666665,1.0,1.0,1.0,622,622.0,622,-1,-1,-1
19500,19d_an_ci_mi_n.sql,1.2041448289502257,2.3875655131493234,1.0,1.0117593398233393,16771559,7024544.0,7107148,-1,-1,-1
19500,19d_ci_it_mi_n.sql,1.522263647791333,1.4332090566260012,1.0,1.4332090566260012,5352957,3734945.0,5352957,-1,-1,-1
19500,20c_cc_cct2_mk_t.sql,1.6078275491923695,1.1765173524228913,1.0,1.1765173524228913,642282,545918.0,642282,-1,-1,-1
19500,22a_ct_it2_mc_mi_idx.sql,1.6666666666666667,1.0,1.0,1.0,594141,594141.0,594141,-1,-1,-1
19500,22a_it1_mi_mk_t.sql,1.6666666666666667,1.0,1.0,1.582567938183825,723047.0,723047.0,1144271,-1,-1,-1
19500,22b_cn_ct_mc_mi_idx.sql,1.4733764435115897,1.5798706694652305,1.0,1.2191503920678948,1507669,954299.0,1163434,-1,-1,-1
19500,22b_k_mc_mi_idx_mk.sql,1.6656681920590621,1.0029954238228134,1.0,1.0029954238228134,338191,337181.0,338191,-1,-1,-1
19500,22d_cn_ct_mc_mi_idx.sql,1.4324281151944946,1.7027156544165163,1.0,1.0,8126047,4772404.0,4772404,-1,-1,-1
19500,22d_ct_mc_mk_t.sql,1.6053991022216014,1.1838026933351955,1.0,1.7923369529984199,14188305,11985363.0,21481809,-1,-1,-1
19500,24a_an_ci_mc_rt.sql,1.6666666666666667,1.0,1.0,1.0,1711364,1711364.0,1711364,-1,-1,-1
19500,24a_chn_ci_mc_rt.sql,1.666666666666667,1.0,1.0,1.0,958522.0,958522.0,958522,-1,-1,-1
19500,24a_ci_it_mc_mi.sql,1.6666666666666667,1.0,1.0,1.2219824386519331,754384,754384.0,921844,-1,-1,-1
19500,24a_ci_it_mi_mk.sql,1.6393832441074503,1.081850267677649,1.0,1.081850267677649,2213391,2045931.0,2213391,-1,-1,-1
19500,24a_ci_it_mi_n.sql,0.9210526315789473,15.814741499767116,1.0,50.773521192361436,135817,8588.0,436043,-1,-1,-1
19500,24a_mc_mi_mk_t.sql,1.6595280988656738,1.0214157034029785,1.0,1.0214157034029785,5979867,5854489.0,5979867,-1,-1,-1
19500,25b_it2_k_mi_idx_mk.sql,0.35902215059593745,14.957966834352503,1.0,1.0,3972477,265576.0,265576,-1,-1,-1
19500,26a_cc_cct2_it2_mi_idx.sql,1.3285299999356983,2.014410000192905,1.0,1.7496479484557959,208850,103678.0,181400,-1,-1,-1
19500,26b_ci_it2_mi_idx_n.sql,1.6666666666666665,1.0,1.0,1.0,1472411.0,1472411.0,1472411,-1,-1,-1
19500,27a_cc_cct2_ct_mc.sql,0.7552653185923508,4.153829409405969,1.0,1.0,1450268,349140.0,349140,-1,-1,-1
19500,27b_cc_ct_mc_mk.sql,0.9897594268188927,3.0307217195433216,1.0,1.3059464760084802,10248534,3381549.0,4416122,-1,-1,-1
19500,27b_cc_lt_mk_ml.sql,0.7226955002184359,3.831913499344692,1.0,1.0,23390,6104.0,6104,-1,-1,-1
19500,27c_cc_cct1_mc_mk.sql,1.5046186108952029,1.4861441673143916,1.0,1.0,4066835,2736501.0,2736501,-1,-1,-1
19500,27c_cc_cct2_ml_t.sql,1.660734201846183,1.017797394461451,1.0,17.83597921264327,14297,14047.0,250542,-1,-1,-1
19500,28c_cc_cct1_cct2_mc.sql,1.656984877756312,1.029045366731064,1.0,1.0,200811,195143.0,195143,-1,-1,-1
19500,28c_cc_cct2_mc_mi_idx.sql,1.6666666666666667,1.0,1.0,1.022009152320767,334997,334997.0,342370,-1,-1,-1
19500,28c_cc_cct2_mi_mk.sql,0.69566790840564,3.9129962747830804,1.0,1.0077361011319927,5424305,1386228.0,1396952,-1,-1,-1
19500,29a_an_chn_ci_n.sql,0.6875000000000001,110.57291666666667,1.0,1.0,10615,96.0,96,-1,-1,-1
19500,29a_cc_ci_k_mk.sql,-0.2726835138387485,2146.3985559566786,1.0,2.545487364620939,5945524,2770.0,7051,-1,-1,-1
19500,29b_an_ci_k_mk.sql,1.6666666666666667,1.0,1.0,1.0,13286,13286.0,13286,-1,-1,-1
19500,29b_cc_cct1_ci_mk.sql,1.6666666666666667,1.0,1.0,1.0156808277307314,1187246,1187246.0,1205863,-1,-1,-1
19500,30b_it2_k_mi_idx_mk.sql,1.397437750423562,1.8076867487293138,1.0,1.0,600340,332104.0,332104,-1,-1,-1
19500,30c_cc_cct1_cct2_ci.sql,0.7179843882834841,3.846046835149548,1.0,2.2306012829430406,199056,51756.0,115447,-1,-1,-1
19500,30c_cc_cct2_ci_t.sql,0.9507958179139869,3.147612546258039,1.0,1.1626666187619012,175215,55666.0,64721,-1,-1,-1
19500,31b_ci_mc_mk_t.sql,1.6666666666666667,1.0,1.0,2.050371593724195,3633,3633.0,7449,-1,-1,-1
19500,31c_cn_it1_mc_mi.sql,0.7700303161541793,41.09571242962321,1.0,1.0,189780,4618.0,4618,-1,-1,-1
19500,33b_cn2_mc1_mc2_ml.sql,1.242830078064735,2.271509765805795,1.0,1.0,3680868,1620450.0,1620450,-1,-1,-1
19500,5b_it_mc_mi_t.sql,1.0,100.0,1.0,100.0,552777,0,3536,-1,-1,-1
19500,7c_ci_lt_ml_t.sql,1.6666666666666665,1.0,1.0,1.0014134069471736,1131309.0,1131309.0,1132908,-1,-1,-1
19500,8c_ci_cn_mc_rt.sql,1.6666666666666667,1.0,1.0,1.563271869899865,5853399.0,5853399.0,9150454,-1,-1,-1
19500,9a_ci_cn_mc_rt.sql,1.6666666666666665,1.0,1.0,1.0,441884,441884.0,441884,-1,-1,-1
19500,9a_ci_n_rt_t.sql,1.5594879518072289,1.3215361445783131,1.0,1.3215361445783131,1755,1328.0,1755,-1,-1,-1
19500,9b_ci_cn_mc_n.sql,1.6666666666666665,1.0,1.0,1.0,622,622.0,622,-1,-1,-1
19980,10b_ci_mc_rt_t.sql,0.0,240954.3076923077,1.0,1.0,3132406,13.0,13,-1,-1,-1
19980,14b_k_mi_mi_idx_mk.sql,1.6666666666666665,1.0,1.0,1.0,44130,44130.0,44130,-1,-1,-1
19980,14b_kt_mi_idx_mk_t.sql,0.5674603174603174,34860.619047619046,1.0,1.4047619047619047,2928292,84.0,118,-1,-1,-1
19980,15a_at_cn_mc_mi.sql,1.6666666666666665,1.0,1.0,169.49049429657794,263,263.0,44576,-1,-1,-1
19980,15b_at_cn_mc_t.sql,0.7180261832829808,117.29305135951661,1.0,1.0,38824,331.0,331,-1,-1,-1
19980,15d_at_cn_ct_mc.sql,1.374665620888994,1.876003137333018,1.0,1.0,4520586,2409690.0,2409690,-1,-1,-1
19980,16a_ci_cn_mc_n.sql,1.6666666666666665,1.0,1.0,1.0,65732256,65732256.0,65732256,-1,-1,-1
19980,19b_ci_cn_mc_n.sql,1.6666666666666665,1.0,1.0,1.0,622,622.0,622,-1,-1,-1
19980,19d_an_ci_mi_n.sql,1.2041448289502257,2.3875655131493234,1.0,1.0117593398233393,16771559,7024544.0,7107148,-1,-1,-1
19980,19d_ci_it_mi_n.sql,1.655420093200837,1.0337397203974892,1.0,1.4332090566260012,3860961,3734945.0,5352957,-1,-1,-1
19980,20c_cc_cct2_mk_t.sql,0.42790675522697547,5.325576368612136,1.0,1.1765173524228913,2907328,545918.0,642282,-1,-1,-1
19980,22a_ct_it2_mc_mi_idx.sql,1.6666666666666667,1.0,1.0,1.0,594141,594141.0,594141,-1,-1,-1
19980,22a_it1_mi_mk_t.sql,1.6666666666666667,1.0,1.0,1.582567938183825,723047.0,723047.0,1144271,-1,-1,-1
19980,22b_cn_ct_mc_mi_idx.sql,1.49697142439983,1.50908572680051,1.0,1.2191503920678948,1440119,954299.0,1163434,-1,-1,-1
19980,22b_k_mc_mi_idx_mk.sql,0.7023359362874341,28.45197979720091,1.0,1.0029954238228134,9593467,337181.0,338191,-1,-1,-1
19980,22d_cn_ct_mc_mi_idx.sql,1.3957871127423411,1.8126386617729764,1.0,1.0,8650644,4772404.0,4772404,-1,-1,-1
19980,22d_ct_mc_mk_t.sql,1.4025543490005268,1.7923369529984199,1.0,1.7923369529984199,21481809,11985363.0,21481809,-1,-1,-1
19980,24a_an_ci_mc_rt.sql,1.6666666666666667,1.0,1.0,1.0,1711364,1711364.0,1711364,-1,-1,-1
19980,24a_chn_ci_mc_rt.sql,1.590725443269256,1.2278236701922334,1.0,1.0,1176896,958522.0,958522,-1,-1,-1
19980,24a_ci_it_mc_mi.sql,1.6666666666666667,1.0,1.0,1.2219824386519331,754384,754384.0,921844,-1,-1,-1
19980,24a_ci_it_mi_mk.sql,1.6393832441074503,1.081850267677649,1.0,1.081850267677649,2213391,2045931.0,2213391,-1,-1,-1
19980,24a_ci_it_mi_n.sql,1.6666666666666665,1.0,1.0,50.773521192361436,8588,8588.0,436043,-1,-1,-1
19980,24a_mc_mi_mk_t.sql,1.6595280988656738,1.0214157034029785,1.0,1.0214157034029785,5979867,5854489.0,5979867,-1,-1,-1
19980,25b_it2_k_mi_idx_mk.sql,1.666666666666667,1.0,1.0,1.0,265576,265576.0,265576,-1,-1,-1
19980,26a_cc_cct2_it2_mi_idx.sql,1.3285299999356983,2.014410000192905,1.0,1.7496479484557959,208850,103678.0,181400,-1,-1,-1
19980,26b_ci_it2_mi_idx_n.sql,1.6666666666666665,1.0,1.0,1.0,1472411.0,1472411.0,1472411,-1,-1,-1
19980,27a_cc_cct2_ct_mc.sql,1.6666666666666667,1.0,1.0,1.0,349140.0,349140.0,349140,-1,-1,-1
19980,27b_cc_ct_mc_mk.sql,1.5646845079971734,1.3059464760084802,1.0,1.3059464760084802,4416122,3381549.0,4416122,-1,-1,-1
19980,27b_cc_lt_mk_ml.sql,1.6666666666666665,1.0,1.0,1.0,6104.0,6104.0,6104,-1,-1,-1
19980,27c_cc_cct1_mc_mk.sql,1.5046186108952029,1.4861441673143916,1.0,1.0,4066835,2736501.0,2736501,-1,-1,-1
19980,27c_cc_cct2_ml_t.sql,0.29574523623074916,11.729479604185947,1.0,17.83597921264327,164764,14047.0,250542,-1,-1,-1
19980,28c_cc_cct1_cct2_mc.sql,1.666666666666667,1.0,1.0,1.0,195143,195143.0,195143,-1,-1,-1
19980,28c_cc_cct2_mc_mi_idx.sql,1.6666666666666667,1.0,1.0,1.022009152320767,334997,334997.0,342370,-1,-1,-1
19980,28c_cc_cct2_mi_mk.sql,1.6666666666666667,1.0,1.0,1.0077361011319927,1386228,1386228.0,1396952,-1,-1,-1
19980,29a_an_chn_ci_n.sql,1.6666666666666667,1.0,1.0,1.0,96.0,96.0,96,-1,-1,-1
19980,29a_cc_ci_k_mk.sql,-0.2726835138387485,2146.3985559566786,1.0,2.545487364620939,5945524,2770.0,7051,-1,-1,-1
19980,29b_an_ci_k_mk.sql,1.6666666666666667,1.0,1.0,1.0,13286.0,13286.0,13286,-1,-1,-1
19980,29b_cc_cct1_ci_mk.sql,1.269691089013285,2.1909267329601447,1.0,1.0156808277307314,2601169,1187246.0,1205863,-1,-1,-1
19980,30b_it2_k_mi_idx_mk.sql,1.397437750423562,1.8076867487293138,1.0,1.0,600340,332104.0,332104,-1,-1,-1
19980,30c_cc_cct1_cct2_ci.sql,1.0729255223226937,2.781223433031919,1.0,2.2306012829430406,143945,51756.0,115447,-1,-1,-1
19980,30c_cc_cct2_ci_t.sql,1.6666666666666667,1.0,1.0,1.1626666187619012,55666,55666.0,64721,-1,-1,-1
19980,31b_ci_mc_mk_t.sql,1.6666666666666667,1.0,1.0,2.050371593724195,3633,3633.0,7449,-1,-1,-1
19980,31c_cn_it1_mc_mi.sql,1.6666666666666665,1.0,1.0,1.0,4618,4618.0,4618,-1,-1,-1
19980,33b_cn2_mc1_mc2_ml.sql,1.242830078064735,2.271509765805795,1.0,1.0,3680868,1620450.0,1620450,-1,-1,-1
19980,5b_it_mc_mi_t.sql,1.0,100.0,1.0,100.0,552777,0,3536,-1,-1,-1
19980,7c_ci_lt_ml_t.sql,1.6666666666666665,1.0,1.0,1.0014134069471736,1131309.0,1131309.0,1132908,-1,-1,-1
19980,8c_ci_cn_mc_rt.sql,1.478909376700045,1.563271869899865,1.0,1.563271869899865,9150454,5853399.0,9150454,-1,-1,-1
19980,9a_ci_cn_mc_rt.sql,1.6402683358830221,1.0791949923509336,1.0,1.0,476879,441884.0,441884,-1,-1,-1
19980,9a_ci_n_rt_t.sql,1.5594879518072289,1.3215361445783131,1.0,1.3215361445783131,1755,1328.0,1755,-1,-1,-1
19980,9b_ci_cn_mc_n.sql,1.6666666666666665,1.0,1.0,1.0,622,622.0,622,-1,-1,-1
