episode,avg_rewards,loss,mrc,gmrc,smrc,mrt,gmrt,smrt,geqo_mrc,geqo_gmrc
0,0.7904122882123101,20,1606.0093808917072,21.105039057589373,68.31595530704752,1.0,1.0,1.0,10.9338035524258,2.6195634445882443
20,1.0825986815362634,20,114.95708910201529,7.125534946524883,3.5202184716920066,1.0,1.0,1.0,39.16029981738675,1.778928033156927
40,1.1082059585589974,20,16.933574533097477,3.647892157244323,8.633704052997995,1.0,1.0,1.0,1.1509380442920096,1.1146724460889827
60,0.9343915456248043,20,241.95515826039642,9.318812305899497,5.889030618317881,1.0,1.0,1.0,2.48444917353391,1.5114219905062225
80,0.8278847138097387,20,512.5106616885071,13.073378950443717,52.17197602560648,1.0,1.0,1.0,4.428129602705298,1.8074773822895787
100,1.0717725052897238,20,13.38119154375265,3.3118604034090366,1.7189719636820768,1.0,1.0,1.0,4.730902169770646,1.6182117803030736
120,0.7634072019315603,20,87.51445222537043,10.224920879031393,5.202356994683557,1.0,1.0,1.0,753.5161158907847,2.5393149459500597
140,1.0610055437345127,20,8.002652878292574,3.468034591871777,2.612777576758982,1.0,1.0,1.0,2.153139232349786,1.3910098752277036
160,0.9000481790604906,20,47.55924208871728,6.229586368646386,1.8628969828234554,1.0,1.0,1.0,4.594158219073636,1.4557480008959658
180,1.0554203836150038,20,4175.64929520264,4.28117203680824,3.937660092960626,1.0,1.0,1.0,1.5773874458762087,1.255304768911728
200,1.114825504951823,20,32.01949285226914,3.327241977616503,3.1455935020047368,1.0,1.0,1.0,1.6998128949053526,1.371443608575544
220,0.9999855550853727,20,23.842894780742515,5.802867289923126,1.5487927791716785,1.0,1.0,1.0,3.0662786331443,1.7322604776173365
240,1.0211131863215197,20,555.5232157457425,8.238297261959906,4.938499125591867,1.0,1.0,1.0,5.360374243033204,1.937108108690706
260,1.1726103074178162,20,35.55332163269658,3.1423719962270678,1.6703258463003656,1.0,1.0,1.0,1.571300415757871,1.4073460744666901
280,1.1774302243167658,20,31.446372567721603,2.859457227055304,1.1896027019290898,1.0,1.0,1.0,3.443139146582438,1.7172161749270765
300,0.9351472144728324,20,87.65606284516898,9.088726102721512,2.765470013709209,1.0,1.0,1.0,5.227792243209319,1.333042511222182
320,0.9992995904129801,20,157.23894801816385,8.07101721380326,6.342236956568055,1.0,1.0,1.0,121.7751817627988,2.762011055651046
340,1.100589956392899,20,347.4120644719354,8.861104524343109,3.742070340900597,1.0,1.0,1.0,5.8039267401935986,1.5550744382687824
360,1.0357749532204916,20,85.14659699956621,4.658206572512938,2.1281527818687724,1.0,1.0,1.0,794.2405475819274,4.746974747338886
380,1.0772606135226728,20,55.46807854891792,4.188760551534996,1.9401431447801307,1.0,1.0,1.0,1.468624815515793,1.2908943533701291
400,1.1226878394542636,20,959.1550603896665,6.1553107670625105,11.31533799990492,1.0,1.0,1.0,8.634111300599418,1.3588363501784164
420,1.0693128681655257,20,15.95372563680136,3.608369518557346,1.4946956669613205,1.0,1.0,1.0,10.397671723969827,1.794348680692193
440,1.1687594469016696,20,20.300521264697245,4.292698387504882,1.6837879707378949,1.0,1.0,1.0,7.665707948116714,1.7547504220656207
460,1.037430900439965,20,58.47496887291263,5.652642239556051,3.552126455552405,1.0,1.0,1.0,784.3544447157552,4.303777614718517
480,1.302496764723197,20,12.905744504537228,2.2081794743795724,1.2139290203852826,1.0,1.0,1.0,2.1631409478385075,1.366380551393133
500,0.7049776482578562,20,133.2229226195954,11.854513740522055,4.617126211156878,1.0,1.0,1.0,1.1007674957169336,1.0709506909141466
520,1.1619507297638527,20,35.062092499036005,3.489581046211537,1.219890960923803,1.0,1.0,1.0,753.3349684666861,3.156902230736688
540,0.8990316221028254,20,867.4496360853407,9.305544000730158,2.857410923952457,1.0,1.0,1.0,2.6337005793773947,1.4968576945400964
560,0.9661099550725085,20,45.35076844733596,5.236892098618167,8.153498981325315,1.0,1.0,1.0,2.0385035727071132,1.2236714396944854
580,0.7268731575233262,20,213.31140452533887,12.697912100909354,57.9279330662537,1.0,1.0,1.0,26.509000516887436,1.7820491874576299
600,1.1611437867809684,20,5.9702151979765565,2.6997697569463326,3.206103283917482,1.0,1.0,1.0,2.979006084260276,1.63180319006126
620,0.8199880374242812,20,1168.487097335673,16.747692701713326,4.283723191945606,1.0,1.0,1.0,2.3386156918877696,1.432039674439544
640,1.0029550919549877,20,27.758454918737563,5.058764443033985,1.1896213676315073,1.0,1.0,1.0,1.8653390628673239,1.4229386661230405
660,0.8296717334875426,20,1413.2043340574521,26.63281550543586,3.269374830127594,1.0,1.0,1.0,3.7969327452456296,1.651033382853064
680,0.926072118072305,20,331.29252632657347,16.142107654962015,2.642190639614288,1.0,1.0,1.0,113.4582041514359,1.751264085513692
700,1.1593929370180802,20,39.22904955895385,4.27557843281426,3.156625032446155,1.0,1.0,1.0,1.4784186798350274,1.3762709595344824
720,1.160007633245563,20,1023.01419718548,4.908664329125629,3.169464828043858,1.0,1.0,1.0,1.994875989996799,1.408900280235473
740,0.9941306681583969,20,3159.813273736466,6.974172536090788,25.925165813709373,1.0,1.0,1.0,2.076232700387823,1.319271872096898
760,0.9908383089373638,20,124.63360522205082,4.333866238303523,3.1980801055654204,1.0,1.0,1.0,4.386276796818556,1.3804397579759982
780,1.0551292025185535,20,211.69087244801273,8.299889158998896,1.8632372829870234,1.0,1.0,1.0,1.3824643655992641,1.1785126471872818
800,1.0584722661821617,20,334.0511643550531,10.655199480398744,4.923415330640814,1.0,1.0,1.0,4.900946071796747,1.6450134427623124
820,1.053369161133777,20,87.62002373301733,7.136596226680276,1.9313068092063659,1.0,1.0,1.0,1.8905303691060489,1.2934404570525166
840,1.0697686711759695,20,71.56672382485182,7.349286022913827,2.6252532795385135,1.0,1.0,1.0,4.517923840140248,1.6361760915744972
860,1.2265201634470055,20,28.99540874024829,3.164421957128636,1.1205674831090084,1.0,1.0,1.0,6.490880213507528,1.7593100882508876
880,0.9372421088772391,20,271.9038917595206,8.985660437164388,13.757948483668361,1.0,1.0,1.0,4.332811911856159,1.5528220206356647
900,1.120041851482203,20,9608.02694576618,7.8320586013245865,4.9276923744514365,1.0,1.0,1.0,114.86727356879203,2.023780014543836
920,1.189037212209038,20,57.48441566577693,4.075458110630193,1.609795167125695,1.0,1.0,1.0,3.184409686641265,1.5405533826545426
940,0.8976818621343335,20,1835.8717017760052,12.428767477433825,1.5907380539958083,1.0,1.0,1.0,1.5715340847658772,1.2524903788310557
960,1.0906612180113584,20,1181.1292592464672,10.37157653197204,1.8339078733571832,1.0,1.0,1.0,11.827036073267395,2.0387577273558497
980,1.170960627800103,20,26.718966357721285,4.512857237637287,1.3889792049530365,1.0,1.0,1.0,13.204063712385533,2.3972083410582217
1000,0.8909243163269629,20,57.846611225651564,6.840690725079502,1.3031238666428178,1.0,1.0,1.0,13.533380147562957,1.8970199821451812
1020,1.1327709794602474,20,226.3822950445242,7.153545498929423,1.3989101926703225,1.0,1.0,1.0,5.3355206944620805,1.4200728875927144
1040,0.9715072769357864,20,1920.8085712964748,12.028247787138794,1.559767515963826,1.0,1.0,1.0,3.4957099045571938,1.731448227354226
1060,1.0948414716124302,20,236.68250241940123,5.000013753775349,2.2256779331431416,1.0,1.0,1.0,6.0550515432723255,1.7031323939272904
1080,1.0364778656063898,20,30.605879686142384,5.034619781003617,1.4504519743249835,1.0,1.0,1.0,2.1436375382361303,1.2382964777301662
1100,1.2003983024843308,20,23.78346560843862,4.095128405248665,1.2286793331900407,1.0,1.0,1.0,3.805171137763833,1.893782063955429
1120,1.1844325447549833,20,13.642911254664298,2.959734945947701,1.7294329466422522,1.0,1.0,1.0,3.424842681037814,1.8852178542213742
1140,1.1815503409103407,20,6.961157451411589,2.624227414284784,2.173086779220859,1.0,1.0,1.0,12.675565842442428,2.5337458701493802
1160,1.0620634557460513,20,62.30204505643479,6.040364007974906,1.575139445352559,1.0,1.0,1.0,1.282075299649577,1.170982054880281
1180,0.9309411235022704,20,8158.3663819348685,14.259176407903706,10.615650961421712,1.0,1.0,1.0,751.2745663723539,1.9967929530032023
1200,0.9426413180318958,20,430.4174646762135,13.456743217537111,2.5422907629232863,1.0,1.0,1.0,1.1754128568404196,1.1226811981021412
1220,1.02466286656168,20,22.707384989142923,4.50812696990783,6.115731614424442,1.0,1.0,1.0,1.5002184115561739,1.302125605113535
1240,1.0372554975028243,20,137.53150963158132,5.711200213082752,3.8006666836445393,1.0,1.0,1.0,4.624705189836844,1.9855907295410564
1260,1.0488276870079694,20,162.88436544906517,6.76301604021154,15.498607089841004,1.0,1.0,1.0,2.2023518949602456,1.3334613634742807
1280,0.8999674018007214,20,36.86158426220273,8.201369624469228,2.759443535362194,1.0,1.0,1.0,4.6412247144169845,2.0554754188317403
1300,1.146701067600664,20,378.0716995193062,5.065873368385958,7.318816984452889,1.0,1.0,1.0,1.2147358363035803,1.1641003121114224
1320,0.9784438709175329,20,93.43983777258221,6.0764694638127335,7.3569756277442595,1.0,1.0,1.0,2.2462114295422073,1.3274354923016018
1340,1.2465182452131478,20,104.7164570068037,5.217844074530149,1.419168365975134,1.0,1.0,1.0,1.696821141711829,1.4418377225446708
1360,1.0251294593928013,20,164.21603046109084,7.186318360856544,34.80291131965755,1.0,1.0,1.0,5.150236911039601,1.996281955596888
1380,0.8245173472280566,20,256.19269431977386,12.112933318871425,1.90342724166091,1.0,1.0,1.0,7.80111809849581,2.652645892883046
1400,1.0984610531102015,20,247.76223369861913,5.434980600436599,2.995565303058961,1.0,1.0,1.0,2.9547907393513597,1.5885506334582313
1420,1.0472050015086432,20,477.2250811305559,8.833455870784018,2.212972284498595,1.0,1.0,1.0,1.22007618553002,1.1651707871344572
1440,1.0749016926314199,20,86.88329137365213,6.41718222422977,1.578536014514634,1.0,1.0,1.0,39.0104616170637,1.6598355331735206
1460,0.7338867492234862,20,1525.3178875068843,35.399026003283026,6.499969196080827,1.0,1.0,1.0,2.519056709956001,1.5648423129653666
1480,1.0091958269516483,20,229.91514465167478,8.97519264486147,3.540919649245308,1.0,1.0,1.0,2.24068135600855,1.427600550538275
1500,0.8806606672725877,20,811.3793258441091,16.492497038587132,6.046359968832553,1.0,1.0,1.0,3.952208059839316,1.4973744617204812
1520,1.127697446471354,20,3515.1492532188217,10.471981422579594,11.164743514702943,1.0,1.0,1.0,1502.0922291829006,3.5062556265354474
1540,1.1933821881666016,20,203.25045448694988,4.3717224510770905,1.3720435370805417,1.0,1.0,1.0,2.4383614978851686,1.4401182184946184
1560,1.2841951260213955,20,62.1438255518917,3.043198473870291,2.879326378196633,1.0,1.0,1.0,8.678927338837134,1.4271263346509888
1580,1.130784164003566,20,456.7743309552957,7.130214151461388,2.7212465885839188,1.0,1.0,1.0,1.9498798877859418,1.3941377991930393
1600,1.1858492512216323,20,10.028766917818768,2.7834094028641116,1.518853693142911,1.0,1.0,1.0,5.13700809605868,1.6748376928160384
1620,0.9126954702088297,20,301.5860326591313,10.539777756036225,7.151713489905955,1.0,1.0,1.0,9.625763071512658,1.8659788372649997
1640,1.1281474429437117,20,505.69389976870434,7.532575188722185,4.490641448209353,1.0,1.0,1.0,115.87214523616956,2.303722651317737
1660,0.9633007102184529,20,14.285103681684868,3.879412381772674,3.913735259697505,1.0,1.0,1.0,3.5086303161801373,1.4425892040937407
1680,1.131372996611496,20,27.805092043059638,3.44421996596944,1.9656845725521577,1.0,1.0,1.0,1.1030013439464028,1.0909939916451075
1700,1.138929030531416,20,18.16038763648458,3.0850243064976013,1.604665246900355,1.0,1.0,1.0,5.332731129015018,1.4348759203768469
1720,1.0882434055285979,20,50.83976289692784,5.587020565291183,3.6005903438668696,1.0,1.0,1.0,2.244143857709025,1.3175475894500261
1740,1.1675558322754125,20,10.976397898275753,3.722061883630156,1.2404348619967815,1.0,1.0,1.0,9.660535561034093,3.1066583779316868
1760,1.0717550295635012,20,160.3740517345537,5.141955426671361,1.1554497422902825,1.0,1.0,1.0,12.7094618853013,3.448889381808527
1780,1.3132151330811812,20,12.49993986573794,2.8854418677650018,3.5651721871191544,1.0,1.0,1.0,1.236479515200187,1.1547777562264303
1800,1.0515265397581377,20,15.577055336658523,3.8917039875162596,1.6094906507533346,1.0,1.0,1.0,12.369998006703106,2.727269386446057
1820,0.9461724411543875,20,167.77372887078826,5.627254672424048,4.098567860334384,1.0,1.0,1.0,10.196719436467978,1.819112848154569
1840,0.9882374395985932,20,1024.0536501808951,9.48391142079024,12.908426395376798,1.0,1.0,1.0,1.1716648891625712,1.1341148460977288
1860,0.9402121283396541,20,10921.760185510659,24.065636509680424,5.211224710303453,1.0,1.0,1.0,1.9558372890577207,1.4964778582757805
1880,1.2019548300524776,20,85.6168330452023,4.984051073729937,1.7164408446672959,1.0,1.0,1.0,26.464323939097106,1.7763646268621094
1900,1.022616142137346,20,336.52457926417384,6.45614617002792,1.8798456028688295,1.0,1.0,1.0,1.3181374895433273,1.2082738795503152
1920,0.7495038294443847,20,242.12747786598206,13.12330631137213,15.551962284083734,1.0,1.0,1.0,1.846799153341087,1.451393130892378
1940,1.3280987983650152,20,1237.0765976276011,4.819795093954747,2.6560559165141635,1.0,1.0,1.0,1.924595306966251,1.4701570726922006
1960,0.8373855115971456,20,100.13877827319087,10.73805474410441,4.72504718016781,1.0,1.0,1.0,1.8663710408008296,1.4563814828423836
1980,1.0463125277198508,20,5156.493420855046,13.202603902492545,5.63030876869648,1.0,1.0,1.0,2.6069750920893138,1.3222565728803357
2000,1.1205306764677518,20,1171.6662711313315,5.938551302043912,1.4953560998795439,1.0,1.0,1.0,3.729197336371579,1.616165521513602
2020,1.2837173240552018,20,210.27179114514465,3.5474597785208988,1.624999050548422,1.0,1.0,1.0,1.3566941924447915,1.1900400917310694
2040,1.3187538047686311,20,243.45103268967242,2.565070302099464,1.949255383333951,1.0,1.0,1.0,4.356785711908688,1.8136461780830908
2060,1.2325125447631051,20,24.48266913986104,3.0600102482730023,3.483007418022884,1.0,1.0,1.0,1.372867502293384,1.2733108952521777
2080,1.0848044888609987,20,143.9506831757639,7.307485584675384,2.639097193336316,1.0,1.0,1.0,2.3516467625246142,1.4485843739762716
2100,1.2589800890595033,20,30.690817398255973,3.058247950901486,4.162058142431895,1.0,1.0,1.0,1.7323900562426355,1.2172611989521047
2120,1.0479644469701566,20,57.67083776186219,5.739115671273533,4.477583251536184,1.0,1.0,1.0,1.2086073634758567,1.1400896409119978
2140,1.0408975487072853,20,13.236540975890222,4.931753228245493,1.4757224568526541,1.0,1.0,1.0,6.982774792805055,2.1710593769513484
2160,1.2176852539751417,20,155.49295338449667,3.3540569372464883,1.5726003808531486,1.0,1.0,1.0,1.9657353761957483,1.4940611757488875
2180,0.8592518254374036,20,113271.41249988419,14.599305496121188,2.638325983094846,1.0,1.0,1.0,751.8757100208132,2.0418637585484594
2200,1.0845887841922717,20,35.58269476516148,4.708036126890185,6.860216683638076,1.0,1.0,1.0,2.182551993442211,1.471649483954757
2220,1.2963786559821817,20,5.455989114784328,2.347560490863876,2.022957153293192,1.0,1.0,1.0,3.2043423504922677,1.4971140262188416
2240,1.0174661042173105,20,20.394913543511233,3.7124302987193376,1.8720674038258271,1.0,1.0,1.0,2.6028996368951973,1.4961391105425395
2260,1.2222885552083855,20,989.6019471225178,5.894481406333879,2.9133278711850514,1.0,1.0,1.0,86.03196940193286,3.0701068470202912
2280,1.2473523969788758,20,111.63309945897637,4.324859667853969,3.216426436683886,1.0,1.0,1.0,5.249859662611001,1.6358603487558763
2300,1.2033884547379397,20,21.024223461342718,3.414576691623637,1.7641902960366005,1.0,1.0,1.0,1.7004503767185724,1.3974329739345501
2320,1.2382955919589123,20,11.508674014306042,2.352233406141332,1.9270229189887405,1.0,1.0,1.0,1.4704905847690557,1.293325508649806
2340,1.1008633852290441,20,80.93716543242498,5.662726401760225,1.6900214884471298,1.0,1.0,1.0,1.2580270238593678,1.170589759148809
2360,1.2044516933033338,20,227.21756861625394,5.7366849904867365,2.3210026383878675,1.0,1.0,1.0,115.37849733814912,2.638590263963509
2380,1.0778060239709262,20,34.13931634126309,6.762077292947228,7.133291031257494,1.0,1.0,1.0,1.2122658254777907,1.1865593444143419
2400,1.1946961048097027,20,144.16186792350473,5.448358096309229,2.8131342742341507,1.0,1.0,1.0,866.7582707123131,4.060109572650462
2420,1.1348390040834064,20,919.957653905273,5.364214211466704,2.4655390384091156,1.0,1.0,1.0,2.0060009809378334,1.4733592912114892
2440,1.1482595077414528,20,23.576972600671862,3.3384637888374105,3.800242238074205,1.0,1.0,1.0,114.63222820761743,2.171767575209336
2460,1.2972246009249182,20,6.2179109625731295,2.5445249682402657,1.800406754517542,1.0,1.0,1.0,12.99182217759396,2.027381700499576
2480,1.0804834484020667,20,270.7883357475717,5.039739005016008,1.742386258529549,1.0,1.0,1.0,10.046889444896799,1.4457419207840934
2500,1.1404953670176696,20,23.268451911015838,3.646389119611348,4.583731375793318,1.0,1.0,1.0,6.507533888109647,1.789552079579505
2520,1.17475457880923,20,46.538736795795046,4.218481624564558,1.6902965513603831,1.0,1.0,1.0,14.713133805813712,2.778677494164736
2540,1.2510965617056082,20,14.274800184150752,2.611961684758307,1.1997485961351133,1.0,1.0,1.0,3.7581423709468167,1.4260295415518587
2560,1.2358107676046908,20,230.92912112138725,5.134252034952061,2.04224103174379,1.0,1.0,1.0,5.146483224565312,2.250109774973046
2580,0.8808421485439017,20,4363.788189510069,12.547399744985702,27.839040016120236,1.0,1.0,1.0,1.2757695965866387,1.203973413179573
2600,0.9968755075640173,20,62.59614380334185,5.853096630899376,1.7394624128666127,1.0,1.0,1.0,2.7578594768040725,1.5701806115860897
2620,0.9390260689830073,20,570.4448309176612,15.928577161334582,1.564607897495241,1.0,1.0,1.0,1.8826084463256876,1.458914942576226
2640,1.0254997450315642,20,31.1985707087811,5.2791416338987975,1.4955074161709134,1.0,1.0,1.0,4.970908444566429,1.668017154440406
2660,0.7909804670883129,20,51.90942686875817,13.547971553311603,9.970369430485945,1.0,1.0,1.0,11.157044941763274,2.3485829927689315
2680,1.2066381217272524,20,338.69259589686084,6.849866207241159,2.5035699036327443,1.0,1.0,1.0,2.6927894257124234,1.3936587468101642
2700,1.2106375524245947,20,68.62879354559959,3.8832376420298877,15.888069550489101,1.0,1.0,1.0,7.288733148059601,2.436977548820029
2720,1.041547836274599,20,1778.6136228194835,6.604649552602406,8.86477811145133,1.0,1.0,1.0,3.9619342976967418,1.567286797269131
2740,1.2046181942672438,20,937.6494670896349,4.512358184997694,3.8092900450604437,1.0,1.0,1.0,39.362979793616745,1.9071720712126998
2760,0.9531019907029658,20,4445.3114529868635,11.798527079923828,4.4482188335461075,1.0,1.0,1.0,2.3290937877530835,1.5940134072525702
2780,0.8659696703140769,20,337.2977147693036,11.974042981118245,12.87455216866945,1.0,1.0,1.0,39.48171696668827,2.027676796921906
2800,1.0832161518441195,20,270.3831905320041,7.096769755140662,2.6635416498449085,1.0,1.0,1.0,30.640436873080994,2.1536656153797122
2820,0.9651729454648565,20,266.64101728330945,7.15754681034142,17.112824251713832,1.0,1.0,1.0,116.40891827054085,2.5489210918177085
2840,1.0475661068491893,20,3811.127851955339,19.852632942795022,4.235258540314065,1.0,1.0,1.0,1.9483342745381749,1.3791774217157693
2860,1.1730595893611002,20,22.664320597978595,3.93711317748544,3.3763855885443816,1.0,1.0,1.0,1.325196073188327,1.2432763550604047
2880,1.0018134898269497,20,1833.792452591637,7.884612870581085,2.613178605371873,1.0,1.0,1.0,10.618328456285262,1.7161851965359365
2900,1.365966998029581,20,44.27705669612637,2.7667658191058235,1.1834355532433143,1.0,1.0,1.0,1.2031467667820501,1.1498323452683092
2920,0.824033158785771,20,1762.2184095681375,7.999718921830566,2.5915551597297943,1.0,1.0,1.0,1.6541019582594303,1.3858195532971047
2940,1.2599369172304036,20,7.888653012298664,2.1453776350861453,4.559410804282066,1.0,1.0,1.0,1.5386951545628298,1.267855535218322
2960,1.331506030931562,20,13.014112543190787,2.540282162925819,2.9821742242691247,1.0,1.0,1.0,2.154055543408515,1.2689482630466014
2980,1.1918136066582732,20,174.95967743366435,6.929398027651808,1.8907300751616867,1.0,1.0,1.0,3.6956925338815454,1.4255177272423376
3000,1.2736992136383074,20,23.408354714577555,3.264872800592423,2.922584973148959,1.0,1.0,1.0,39.17036139013449,1.7960058616151744
3020,0.9576431850215494,20,278.7916850736977,6.855862953124824,2.321728067918632,1.0,1.0,1.0,1.5558272601833845,1.3400184707423088
3040,1.0565583464452888,20,76.7960427174806,4.212016146899101,26.70053276484411,1.0,1.0,1.0,1.5774025587887737,1.391529826786079
3060,1.0514504222721153,20,16.832378689694192,4.761363820569837,3.8266595507727854,1.0,1.0,1.0,1.1057382905342723,1.077401304213279
3080,1.1306638481544944,20,206.11143721362842,8.096518703028673,1.147975358880805,1.0,1.0,1.0,114.45154934119444,1.9638339946591412
3100,1.4452175606098974,20,2.4142722101409317,1.620501442329783,1.3857547706467066,1.0,1.0,1.0,2.209813013840157,1.3943021766992896
3120,1.1523668950644639,20,85.11118635254515,5.52687252749731,1.253533689081413,1.0,1.0,1.0,1.7924327008039946,1.36648484659421
3140,1.2913111277584792,20,56.25633116553445,3.730824082022769,3.004623816615754,1.0,1.0,1.0,2.143223200418897,1.5796796747498993
3160,1.2093625399772825,20,19.535100343624233,2.8844330361827635,2.052408048421479,1.0,1.0,1.0,1.1840901145326925,1.1577686220787837
3180,1.0463089200403426,20,134.83605377401048,4.8791885591142155,1.8982864652001132,1.0,1.0,1.0,30.44953214717908,2.6137249042674795
3200,1.2252013047156258,20,248.47865656314488,3.645961014840085,1.9120408804280435,1.0,1.0,1.0,1.4102282370565282,1.2910254358872242
3220,0.9474275267808505,20,45.929562893849365,5.292238131274372,20.949108289359224,1.0,1.0,1.0,1.8138240484789812,1.3758235046880256
3240,1.2301501941018493,20,461.41156401463803,3.8592153043193096,2.0238182415567314,1.0,1.0,1.0,3.722269778072769,1.714433390304823
3260,1.25253623525468,20,118.81196592696645,3.468660576637319,1.9995123070547582,1.0,1.0,1.0,10.666022099727297,2.2694015242275336
3280,1.2750194201522453,20,52.629495538961876,3.6646069082835724,1.3631211415829818,1.0,1.0,1.0,14.662971060230637,2.079903169318986
3300,1.1923021359989587,20,254.2449268946272,5.083328271212081,1.7880358143692883,1.0,1.0,1.0,14.379459441097154,3.1663150890060874
3320,0.9594829198958836,20,210.9585366638274,10.859372388982093,1.7942436371137445,1.0,1.0,1.0,1.8368170868444793,1.5053905933195046
3340,1.1125570047106303,20,170.3893578032748,5.243066201725285,62.36448521192059,1.0,1.0,1.0,7.494682387909376,2.209337423500587
3360,1.294857971787275,20,21.083595086298065,3.669206421732355,3.584820677165036,1.0,1.0,1.0,13.940622065283232,2.254154183477134
3380,1.1872272154070718,20,54.970227864566105,3.462518360997149,1.5237766122539225,1.0,1.0,1.0,3.315799783794021,1.8340207622926423
3400,1.0587592662618535,20,2261.730517149839,11.392458876820085,3.7456649568215092,1.0,1.0,1.0,4.1966021965868165,1.682302008990921
3420,1.1389270766431927,20,52.17663227164477,4.839828840160336,2.3047027376112013,1.0,1.0,1.0,3.1711834629775177,1.7545568951343788
3440,1.3449468416892962,20,58.408570308443075,2.6217297806886046,1.89187230417154,1.0,1.0,1.0,39.582743113106076,1.8854186779748268
3460,1.0058755605291099,20,623.1334693913093,8.56366187072328,5.577997599527534,1.0,1.0,1.0,3.661499290858137,1.3233675858301592
3480,1.2715076839990156,20,20.771705008169185,3.077870390903418,1.6104064703870322,1.0,1.0,1.0,8.867991178452758,1.6014846548723607
3500,1.066327271042301,20,13.833353058463222,3.3452117299258637,1.58860063306417,1.0,1.0,1.0,1.69245405073017,1.4322123115413559
3520,1.3701631644198922,20,1761.9866749959008,3.5823323749914953,1.662539896818474,1.0,1.0,1.0,3.9417081421407913,1.586913912697593
3540,1.1535336620223635,20,201.42587120125023,3.472020793662733,2.3617198499997825,1.0,1.0,1.0,4.544699557424439,1.511126517790915
3560,1.1431406114565803,20,23.563669457262893,3.695217513750213,6.797074235815972,1.0,1.0,1.0,1.2499607812513773,1.1882213876028591
3580,1.2015486404057039,20,610.7559777652464,6.693691278617697,6.580981427916325,1.0,1.0,1.0,2.800062071383854,1.560415386224425
3600,1.325971535248199,20,3.1212897942604134,1.9349429573388397,2.9636895050085634,1.0,1.0,1.0,2.561672228739538,1.4669495447880625
3620,0.8598707408410314,20,61.972768668137746,8.577063600594654,3.062904186997565,1.0,1.0,1.0,2.557695964288775,1.6747233276365425
3640,1.224060576450381,20,84.8614122874086,4.269706496571141,1.5986748080828161,1.0,1.0,1.0,5.0827224542696445,1.4344402081578789
3660,1.094984499171511,20,44.10322480139717,4.231940506534718,2.6970354122016538,1.0,1.0,1.0,2.473469813456876,1.3734846636702318
3680,0.9126682283673853,20,2196.4284184580897,14.797483110218716,3.1918119858942533,1.0,1.0,1.0,1.1303284980679105,1.1155227351084318
3700,0.9961752152519446,20,35.580184056902446,6.470941224000658,8.500548191341894,1.0,1.0,1.0,1.448216422805387,1.2680680873787336
3720,1.2494387533638556,20,60.95126553700102,3.059900803240424,1.388781631901717,1.0,1.0,1.0,2.032379944308378,1.3175804839196277
3740,0.9874019922803414,20,519.3385578177999,9.337991987952744,22.61965750209141,1.0,1.0,1.0,1.6743476721999808,1.2950530499502835
3760,1.2052145190164034,20,8.758786334729187,2.432540657635531,1.5509891937841014,1.0,1.0,1.0,6.201237831685426,1.7096201487512603
3780,1.202153117088724,20,46.61388656922833,3.13620928830461,1.5721918802433021,1.0,1.0,1.0,10.623719990860085,1.710685860087041
3800,1.088469544634772,20,20.105894182215614,4.193500619771223,2.458319444962956,1.0,1.0,1.0,1.1526146995345248,1.133073389410722
3820,1.2773706525045054,20,182.6540044987949,3.4548541967909827,6.081292467221567,1.0,1.0,1.0,2.953278285384352,1.56267058076559
3840,1.1091451871041516,20,186.1281517970379,5.245627114763188,8.53128590844334,1.0,1.0,1.0,7.5568885339909215,2.148312189599457
3860,1.0735212731895607,20,35.953524802465836,4.422329142347012,4.204056347895332,1.0,1.0,1.0,1.4666364039859296,1.2999219780468392
3880,1.0772311292479597,20,40.244458999546715,4.8680121776927345,2.6634271338650906,1.0,1.0,1.0,30.228572867283322,2.0209427076474045
3900,1.169892678320832,20,13.651359965175473,2.7275652172234888,6.242130108256729,1.0,1.0,1.0,1.4465872215939861,1.3307170742914856
3920,0.9643191767977866,20,1254.5224389506545,14.924237445655832,2.478751950281948,1.0,1.0,1.0,11.011655139007004,1.904718494666089
3940,1.1295289942470228,20,10.192950908045736,2.8582848375362415,1.3217750352523836,1.0,1.0,1.0,2.224472744946638,1.3982586044715908
3960,0.9121289767308678,20,48.59939084478819,7.242544024226072,1.462242666958243,1.0,1.0,1.0,2.428572685140124,1.3810018938268884
3980,1.0068045168634574,20,1126.0748075858464,16.23466502915405,2.695432672404296,1.0,1.0,1.0,5.9096126661072965,1.756423836133879
4000,1.1851420088269455,20,31.841983953285563,3.8576283433592713,5.6015108542120275,1.0,1.0,1.0,4.114586036231425,1.702685859457455
4020,1.1027604840498697,20,829.1125581172431,5.728039581600782,6.847235595567513,1.0,1.0,1.0,8.215045771780101,2.0248064197129
4040,1.142772261257255,20,68.76623957501076,4.610576538027739,1.9289405892891365,1.0,1.0,1.0,1.575365166131096,1.3096781527359007
4060,1.1982994993416276,20,172.4002496757519,6.047798385593804,1.3220585735787835,1.0,1.0,1.0,5.092056469754125,1.8751195007175487
4080,1.0433777390402983,20,853.0108929996247,7.392059841080582,1.5940951043211893,1.0,1.0,1.0,27.191142511526966,1.9453027491864314
4100,1.175646491848855,20,210.13363850086495,5.60255823547934,1.1369561202233707,1.0,1.0,1.0,1.2454079039793755,1.184815975425355
4120,1.4733016785750794,20,2.7101715817791847,1.602867841372069,2.7950476313254833,1.0,1.0,1.0,5.21779159174941,1.5734940100271064
4140,1.2018776209395303,20,793.6852994915753,4.929852567698979,5.337300335447607,1.0,1.0,1.0,114.7776507013535,2.258070770036801
4160,0.8000237944439496,20,172.26872380140486,18.750930449103098,3.337772775890352,1.0,1.0,1.0,3.6181530092359657,1.846359172646475
4180,0.9823030789273328,20,60.63416330964843,6.207035516528473,3.167569587677099,1.0,1.0,1.0,1.2314922673216413,1.1490054700674273
4200,0.9976420669915343,20,4111.553521036413,6.208767670452788,24.68582559588236,1.0,1.0,1.0,1.707406972949465,1.4006190621985555
4220,0.9923248048488474,20,64.16079517078161,5.72270090260562,2.469284118369007,1.0,1.0,1.0,2.1905679300301455,1.565632024488726
4240,1.1328716611574943,20,1511.4762897494686,6.115838937117496,3.5841835335764225,1.0,1.0,1.0,1.2311902772226646,1.1858651875657944
4260,1.1614601566835263,20,44.99255416281157,4.009682588572716,1.9131227792403165,1.0,1.0,1.0,4.4303282141815155,1.4545561040227355
4280,1.2424091482213209,20,241.9416079913786,3.5769606802386273,1.349415781565731,1.0,1.0,1.0,2.8578902095599004,1.5073104872951912
4300,0.865993374939191,20,91.53765292728136,14.045458466355718,3.935902065126528,1.0,1.0,1.0,1.4996529263125549,1.2424591685505855
4320,1.152778525376156,20,18.42666468901024,3.016081991117682,2.9814828528244277,1.0,1.0,1.0,3.5900202735804796,1.5285106802341932
4340,1.043046887159496,20,1191.8812765837192,10.160627744091082,4.998958756302578,1.0,1.0,1.0,5.118762695972814,1.4591808097722054
4360,1.0123479986992623,20,1232.9586801736514,6.680128499548627,5.277017451935437,1.0,1.0,1.0,1.6181210108360478,1.447915215803564
4380,1.1010967347096998,20,72.78905655103057,5.226723913782575,6.70304987847701,1.0,1.0,1.0,3.487977878848602,1.6636541207905404
4400,1.188931397254271,20,129.2935677576571,11.69718609127338,17.66859729659806,1.0,1.0,1.0,12.988256158946479,2.0236557150079917
4420,1.208227010423609,20,11.317934946936171,3.0665268959476872,1.0935467937086396,1.0,1.0,1.0,2.5997116395853115,1.4661276758190112
4440,1.2518899664948444,20,45.92354903696439,3.3459685501893808,1.721418487948894,1.0,1.0,1.0,4.392545194204413,1.9494315069231396
4460,1.293357483764297,20,13.12350385961965,2.7474007599700108,2.2553993593012436,1.0,1.0,1.0,1.3149481193374482,1.2060307287095162
4480,0.9924960222468059,20,602.5210692769647,12.740288760213238,2.3466939609828112,1.0,1.0,1.0,6.703480320327108,1.9469267516518347
4500,1.3069845904277397,20,20.231077683662328,2.9154436757685445,1.386562783525172,1.0,1.0,1.0,1.3869019508102736,1.271628023740029
4520,1.2660683371348387,20,7.249488701808228,2.3815717364856965,2.844080733049411,1.0,1.0,1.0,1.7237533830979497,1.3327317021264797
4540,1.087541589062011,20,662.121787326522,5.994412052547983,2.455650502704032,1.0,1.0,1.0,2.3503096994052286,1.592276395848214
4560,0.97546791903583,20,91.73558318622214,7.838448151319432,3.4187193042654984,1.0,1.0,1.0,1.2527987476530047,1.19396143340249
4580,0.9358419027097872,20,208.9537287313849,9.717706668259732,1.7555514796968938,1.0,1.0,1.0,1.8645364555302435,1.5279053923568928
4600,0.9349989552760813,20,5362.787376568524,20.208335765008112,8.531073069751265,1.0,1.0,1.0,10.952387841889724,1.809710376259925
4620,0.9513207027870207,20,523.4378409115586,12.937298885980383,165.875843503234,1.0,1.0,1.0,4.592370423159762,1.8555961856221934
4640,1.10278330142337,20,7.375373333301473,2.8385337616032484,2.2015947761347703,1.0,1.0,1.0,2.076393353811017,1.6506204599027097
4660,1.0102118536382232,20,4205.7150162951675,9.581887062593578,3.0063846256743147,1.0,1.0,1.0,1.786209212810872,1.394838344852806
4680,0.9296603765550971,20,179.4934979669318,10.06828962524298,1.2874384395975034,1.0,1.0,1.0,3.6011928178883204,1.5175706008511858
4700,1.0524018616884052,20,239.72779667641026,5.596257659907803,2.292664681883242,1.0,1.0,1.0,1.5425501262046653,1.2362530338038034
4720,1.2551383959544027,20,44.58562802958557,3.0405216318724477,1.3225910466895967,1.0,1.0,1.0,2.761107469790055,1.4318394285758098
4740,1.1230836226042777,20,191.7694760726456,5.197350288061794,3.0203172279070793,1.0,1.0,1.0,5.55157579486802,1.580185428665598
4760,1.1680724274010055,20,174.0142067393651,4.225540475948062,25.027666642572566,1.0,1.0,1.0,1.476322213961072,1.3338102265798653
4780,1.1927373097040646,20,13.00568151858047,3.20003653182073,2.8569261282419465,1.0,1.0,1.0,2.2677662928170514,1.3708576052007544
4800,1.16398222307996,20,783.2837939324992,5.056716588193975,1.3580313156086166,1.0,1.0,1.0,2.6603332052319764,1.4741597685705239
4820,1.2270457781981894,20,357.9885869674343,7.973763403963509,1.7609276868171901,1.0,1.0,1.0,1.80480806646739,1.247290428528803
4840,0.872188382241235,20,4213.345117285531,10.459829508824445,149.45932871437398,1.0,1.0,1.0,7.668502337815083,2.056737999044007
4860,1.1283206277485014,20,905.071007487252,7.721363900017523,2.6111348958285134,1.0,1.0,1.0,2278.549275131162,8.3708570617299
4880,1.4070909810082746,20,2.0733169594946825,1.6177110695627073,1.02819303016251,1.0,1.0,1.0,9.021157260014395,1.7379805355017452
4900,0.9510372284530234,20,259.2372154952915,13.139446865452452,10.78063906260412,1.0,1.0,1.0,1.5849203458225884,1.377122310440678
4920,1.2419673841279304,20,287.31298207024696,3.0352961776297147,3.63076688908945,1.0,1.0,1.0,2.6639318658904023,1.4730001877576573
4940,1.2804099638682662,20,10.224542452809725,2.471426100919063,1.7054738341498537,1.0,1.0,1.0,4.968051314251669,1.9937013184254222
4960,0.9397109278349518,20,59.260522543492776,5.950558398029698,2.056391314214301,1.0,1.0,1.0,1.3211761810875486,1.233742624819893
4980,1.0840649404275047,20,482.5528091892449,4.937841312902492,1.6950937669882495,1.0,1.0,1.0,3.4905046787919525,1.7120252571605836
5000,1.1379338398830623,20,7301.146648215447,6.0165180386146115,2.906102760931249,1.0,1.0,1.0,1.2047965761867574,1.146668324816943
5020,1.1106713153795107,20,28.11288229829362,4.485177702553948,3.8885641875222317,1.0,1.0,1.0,1.5280476704602226,1.4072570329187843
5040,1.0188982428475026,20,27.480172808796873,5.468227660580049,6.9575672076189745,1.0,1.0,1.0,3.7803721280167415,1.968246868047384
5060,1.1244526457751518,20,282.1915446883543,5.642520011961739,2.383616353566198,1.0,1.0,1.0,2.1900901536118025,1.450886446690027
5080,1.165349475855905,20,13.341567938571677,3.605317350162454,2.4583088411350396,1.0,1.0,1.0,2.6526404748072308,1.3280633915147941
5100,1.1270576125625724,20,11321.367709918082,9.413391568625569,3.4473024195774427,1.0,1.0,1.0,3.7464633880124483,1.3902133920496786
5120,0.9682763866162347,20,120331.50229954436,11.063236638108847,2.689107207673956,1.0,1.0,1.0,760.437213093923,2.780683583898388
5140,1.259684778221407,20,204.51081460244694,3.258921978033277,4.0929289015027495,1.0,1.0,1.0,3.326944022251329,1.5014598707606182
5160,1.0291866919448676,20,21.138933903735683,3.644181831755501,1.344613093913558,1.0,1.0,1.0,9.997270787044403,1.6025524049726545
5180,1.2562194230687498,20,319.5558350235712,5.218428810697043,2.259212716047494,1.0,1.0,1.0,2.8285149739291118,1.7004513187730799
5200,1.2421481910573826,20,12.145566459024936,2.4600595517335857,2.1031803987577753,1.0,1.0,1.0,25.57230055887786,2.9554678005614408
5220,0.9788031276158634,20,149.7066385992774,5.223222305658136,1.5919614260171604,1.0,1.0,1.0,10.568447731431359,1.9124290731811155
5240,1.1309173686913274,20,105.39377469549345,5.661309496256653,1.7516089418722949,1.0,1.0,1.0,2.385722256069641,1.3992717223718243
5260,1.2591144918006485,20,24.2931079469275,2.7134649434956652,2.5370491544754317,1.0,1.0,1.0,40.42222568140265,1.892232917710133
5280,1.0379178805321791,20,248.95089701932375,9.031726563889109,1.716134708681157,1.0,1.0,1.0,2.4977528278009,1.3996883767512094
5300,1.1189443874944516,20,4104.1993049106295,5.425348267737074,4.828654154578208,1.0,1.0,1.0,3.658601616258075,1.6800654672481132
5320,1.1702070911803262,20,71.26620428870652,4.9694144969118605,5.597757203390661,1.0,1.0,1.0,1.6230646923278154,1.3021322916953582
5340,1.0130125934024838,20,173.05853588056738,6.252252024365903,5.082605098287985,1.0,1.0,1.0,2.7203773366258837,1.4426997125657737
5360,1.026125207760246,20,22.708271870149808,5.209252031311043,5.7584309707486385,1.0,1.0,1.0,5.035493494504571,1.8426432268306925
5380,1.2775547536223073,20,37.14355023006741,2.7308133752174584,1.7135843368118413,1.0,1.0,1.0,113.73361602412483,2.0490685128808086
5400,1.0623618204523413,20,51.013461284357554,4.742666648956717,3.9398957243846633,1.0,1.0,1.0,64.06549356420814,2.1953242552216414
5420,1.1238895469626475,20,40.35435782119356,3.366918703776205,1.736584956641204,1.0,1.0,1.0,5.6087008583564835,1.5860928986165315
5440,1.0324161660166962,20,306.2129422356121,8.267615560363241,1.312964127194833,1.0,1.0,1.0,2.7502798510194046,1.501431087599951
5460,1.1496822738464423,20,290.62676341820907,5.534879513695822,2.2619066963527126,1.0,1.0,1.0,8.775623441226964,1.507059791845716
5480,1.1272347521735682,20,225.1065240889367,8.116869321676663,2.730959492835478,1.0,1.0,1.0,40.45201021111563,1.9248634029373406
5500,1.40015341553346,20,17.196928971334774,2.235125087160806,1.7803357830674078,1.0,1.0,1.0,10.155356046919444,1.5477092310324092
5520,1.079112339885524,20,86.83359853383331,5.175570020107723,2.675448703274446,1.0,1.0,1.0,3.1784067380229173,1.7965092753462133
5540,1.1284489059861789,20,384.82495192774985,10.242535804062918,3.0885837522918163,1.0,1.0,1.0,20.10561393357352,3.788010733453317
5560,1.3796604365608158,20,41.36722966915166,2.4602684449029493,2.464503861976237,1.0,1.0,1.0,5.951851133841956,1.563345487297766
5580,1.0442851739590944,20,47.67993530624448,6.872349627316643,1.8476795978035945,1.0,1.0,1.0,4.341107384412934,1.7500593801489521
5600,1.409980968353557,20,34.86423607432624,2.017199781373142,2.092628310845676,1.0,1.0,1.0,40.10679741733641,2.3603411010305884
5620,1.0198122631011821,20,682.6806411903224,11.070550976116202,12.118927130188437,1.0,1.0,1.0,1.1035899941612877,1.0824915874486847
5640,1.284429652985256,20,125.99606389001147,3.4541623033468123,1.436361174627493,1.0,1.0,1.0,1.3790642907891917,1.2552306263911859
5660,1.2066585203105575,20,319.1887169842288,5.200617386682938,4.028809882411463,1.0,1.0,1.0,2.083095421170257,1.5056779611528208
5680,1.080268859112762,20,723.4379355426474,7.436389704918708,4.573243642681884,1.0,1.0,1.0,3.2279854197682183,1.815964566198991
5700,1.2698518640750998,20,1728.0427414278688,3.5581072185995355,1.5753848490069742,1.0,1.0,1.0,1.460924181683439,1.2510763643312017
5720,1.0674943670072903,20,48.00664836739518,5.04160293501173,2.419453094386482,1.0,1.0,1.0,43.761288209646466,2.656705129323005
5740,1.1304893091436214,20,4105.123478956042,4.409731038818183,20.00864902054723,1.0,1.0,1.0,1.5381862557500698,1.3876500290793092
5760,1.1995816077741972,20,479.78084404569563,5.171487362496695,1.6765144257893134,1.0,1.0,1.0,1.5175134975821523,1.3833353127458283
5780,1.2119619794378695,20,32.74601985541525,3.837550291567971,1.1654516061319955,1.0,1.0,1.0,3.5350056129548064,1.796304632662007
5800,1.2000030650829294,20,16.866110448007795,3.531962480937699,1.1421973393694504,1.0,1.0,1.0,10.452347571387369,1.6613957417347562
5820,1.2421521043693424,20,6.0174335077057375,2.3974052079681307,3.5405003023878523,1.0,1.0,1.0,2.3076409276940546,1.4206144154622993
5840,0.9343653796990109,20,166.08400919778714,10.135990716693462,3.9964276546830004,1.0,1.0,1.0,11.039637725194279,2.4033372387011216
5860,0.9109243083826707,20,491.4606381314305,10.729060408110643,1.7739285650908647,1.0,1.0,1.0,751.6447307442753,2.022325791974667
5880,1.1041339290032433,20,29.952288831314718,3.7123890860018998,2.6813251975078494,1.0,1.0,1.0,2.980203020114315,1.647523954058329
5900,1.225733648632102,20,3.4081235649956283,2.1155781492522956,1.3943118306692526,1.0,1.0,1.0,1.432840653232718,1.3278272628836192
5920,1.0585341755566469,20,37.431250613214594,4.8024904461754065,1.3739388996839519,1.0,1.0,1.0,3.270276928773965,1.6344257517636487
5940,0.8895642498333723,20,272.1901432250733,12.889166358916787,2.309192484165083,1.0,1.0,1.0,4.925708577523231,1.5049964075118119
5960,1.0160448320865942,20,11.339837778631434,4.06403017659499,2.9561970317395643,1.0,1.0,1.0,6.857360840030436,2.918970894975903
5980,1.0784385867346566,20,68.65998273031103,4.762656084135399,23.01862547689369,1.0,1.0,1.0,3.1527838214064228,1.6546410385131067
6000,0.9999759532888373,20,149.9575059860952,7.633841543771923,4.963857597664201,1.0,1.0,1.0,1.0718482517493695,1.062694610628847
6020,1.2823130499804782,20,23.207248430747377,2.78913099171208,1.7652925917528606,1.0,1.0,1.0,1.2926353620632802,1.2297138721039294
6040,1.1373021663869163,20,33.27240159714641,3.6445240550047093,1.1556313440901183,1.0,1.0,1.0,1.6252650272355311,1.286029237396913
6060,1.0887944770436928,20,57.03154903215045,3.305056417444015,3.23267114232001,1.0,1.0,1.0,2.1629935020883124,1.5756333793006299
6080,1.1739292061977802,20,956.5082427374218,4.446273242968329,2.0915991120209436,1.0,1.0,1.0,1.10580352602694,1.082352594106052
6100,1.3182900277041587,20,41.53930658866621,2.649712094640804,1.7651544499547054,1.0,1.0,1.0,1.115287335797403,1.1001363951243508
6120,1.0726735517484125,20,218.13741848164668,4.762133632343256,2.159724176415765,1.0,1.0,1.0,1.9834183512090178,1.4274782278966778
6140,0.9774270602120486,20,34.291296885695104,5.330622084482261,15.324138509683031,1.0,1.0,1.0,2.793553143515686,1.4144025549125419
6160,0.9911999290281892,20,237.35835473927878,11.421474198629427,5.969407309739643,1.0,1.0,1.0,1.3334487776806538,1.1780977594787996
6180,1.1344597692760265,20,188.17075731083008,10.54045430460534,2.258908386413956,1.0,1.0,1.0,3.4923118014241874,1.390500845758653
6200,1.207724080281547,20,37.34261824816099,3.3331355147497708,1.8580505971871688,1.0,1.0,1.0,5.532949224386152,1.554257973755778
6220,1.208292174523844,20,94.31255270641529,3.3976077722981217,1.6073307825530483,1.0,1.0,1.0,1.8489808470534363,1.5704810077032454
6240,1.0986553362525453,20,33.47155853770299,3.483167378965802,1.2426491696051594,1.0,1.0,1.0,2.6146813376730047,1.508082181077863
6260,1.1558078675851227,20,10.313746211536424,3.028812113123272,1.7832991580410977,1.0,1.0,1.0,1.723751062642235,1.2943161973673925
6280,1.1206545496188054,20,203.90431469928734,4.194102355526254,2.452772431001629,1.0,1.0,1.0,5.995484418943531,1.704229896725677
6300,0.8990720126927061,20,72.64720075207768,10.126397176806607,4.8781480564809385,1.0,1.0,1.0,1.2892990202093813,1.2211729512416922
6320,1.2457279962654093,20,4122.237256520954,3.8987188217349513,6.838689327394598,1.0,1.0,1.0,2.807916683014052,1.6138584686387007
6340,0.9264144712073389,20,429.37459094875777,12.173875196954977,2.932317691864345,1.0,1.0,1.0,114.77508455531662,1.950970626216311
6360,1.1303930219224645,20,1007.0566757926317,4.834274812173424,6.936916009061407,1.0,1.0,1.0,751.2048983116624,1.9618257845671605
6380,1.0011501520716137,20,613.00491683748,13.221442229530474,1.357564040780504,1.0,1.0,1.0,18.348433886978984,2.2159573178860597
6400,1.3732011427360695,20,49.879199315447046,3.2547826155482418,2.036888893017486,1.0,1.0,1.0,3.2579712192518313,1.5412774330866386
6420,1.0820988518635901,20,4109.670226582665,11.064953311834948,8.71513791691826,1.0,1.0,1.0,5.768737242978506,1.7331636372329986
6440,1.0918484722365727,20,46.227430335577814,4.347158382583519,7.124395538451244,1.0,1.0,1.0,4.422252321952425,1.7343982102323696
6460,1.201479490355474,20,115.92700442986174,4.080802794629497,3.1384806778505885,1.0,1.0,1.0,2.057764719988768,1.4146791010857864
6480,1.4197851954637863,20,5.562050944303432,1.823427978534127,1.6434831616417247,1.0,1.0,1.0,2.5320469864638167,1.5627818278144887
6500,1.3115334136944459,20,1544.0855829352383,4.753282524932444,5.99444871496933,1.0,1.0,1.0,1.059953345052424,1.0489744483727552
6520,1.189162765295603,20,33.92495466889911,3.3875654183155106,1.2463175477277857,1.0,1.0,1.0,5.643213205351522,1.9181219532709257
6540,0.8771491384288141,20,4143.23094337877,10.438534654177131,14.821513867189132,1.0,1.0,1.0,5.014653587001876,1.6824977762394977
6560,0.9395061469099026,20,99.44234873767019,12.209233366275805,1.4956805515856562,1.0,1.0,1.0,3.743081167705877,1.8708225637441505
6580,0.8374851757021693,20,196.31868624116123,11.427496411428079,1.590763962585959,1.0,1.0,1.0,121.9467932841125,2.463934593976976
6600,1.189614896016294,20,12.988032926436953,3.678526954670739,6.155981324517454,1.0,1.0,1.0,3.276099764112253,1.7525354899715277
6620,1.268843197096179,20,19.50209193412389,3.6219482062429424,1.543433512566782,1.0,1.0,1.0,5.7927572644238285,2.1907221603299334
6640,1.1088458665233003,20,23.376317833663343,3.6610488008749247,1.2927236060107672,1.0,1.0,1.0,18.892990314684038,2.2587892035639636
6660,0.9367489588891302,20,156.97530025027845,8.934746787082254,33.9638890375714,1.0,1.0,1.0,54.33982133279314,3.0089060150232663
6680,1.234089793997967,20,286.0158557175242,4.921004095913028,1.7527796615159352,1.0,1.0,1.0,1.3620615845708204,1.3031916889473725
6700,1.3001639267961649,20,63.763210745729715,3.188903582545624,1.7567443416110453,1.0,1.0,1.0,1.6968952633061636,1.3097370270016782
6720,1.3365189189031077,20,2.614258811814982,1.8533533958810267,1.0762950200373251,1.0,1.0,1.0,2.7562935885636586,1.7254678634317355
6740,1.281436698650235,20,42.487150093509776,2.9039623542579234,3.4410789625118405,1.0,1.0,1.0,1.7497450422907879,1.3584595959589105
6760,1.063646943211388,20,31.663455450059352,4.599236808801951,1.669021361027355,1.0,1.0,1.0,3.529198470215858,1.4062697900353853
6780,1.2201642954265774,20,26.41222534076266,3.527695528095401,1.8821403249858564,1.0,1.0,1.0,2.670459175425348,1.3931121562173574
6800,1.0990465617962384,20,47.52605188060439,5.274663958273271,2.338401666450345,1.0,1.0,1.0,9.706473869627436,1.6852733447022605
6820,1.0224348995136725,20,78.63435127665664,4.1897230080865535,3.6669943555617577,1.0,1.0,1.0,1.6042315559880354,1.3309058856568832
6840,1.2190561026318885,20,35.214223740538635,3.5924067485572717,6.954513746636697,1.0,1.0,1.0,8.723473575629635,2.2355313402399015
6860,0.7266068448856172,20,44.57728870137757,8.618216325613545,8.811318117520338,1.0,1.0,1.0,40.6123529213974,2.097264357779701
6880,1.101367441593156,20,876.5758199227643,4.817588194477367,6.5516738905057075,1.0,1.0,1.0,1.5112488213086988,1.2899886305109933
6900,1.1637016330666636,20,53.99311499474059,4.533376070981752,1.1281435050397768,1.0,1.0,1.0,1.1595234280759326,1.1167765597790043
6920,1.4122267863353264,20,1.999683558105908,1.5753363583179363,1.3190871435131255,1.0,1.0,1.0,1.349513365900076,1.225853562851189
6940,1.2423784869807635,20,34.034984561178334,3.292312748366047,4.467424921325332,1.0,1.0,1.0,5.740927781769949,1.6344329213699405
6960,1.0011975890911469,20,42.44449638740791,3.881343362629519,4.741166671571058,1.0,1.0,1.0,38.94807953844121,1.5877512868710801
6980,1.2431237370606876,20,1062.6679267261698,5.988761234894214,1.6914827763058418,1.0,1.0,1.0,2.979485574997214,1.7587425793145406
7000,1.2380760385485179,20,17.43530521435377,3.1699286590015223,45.67376528215943,1.0,1.0,1.0,2.577939883413805,1.5288149421941382
7020,1.3246762169009036,20,21.329477624917264,2.529969204020442,1.0443856625761627,1.0,1.0,1.0,11.689754154991991,1.95384292310123
7040,0.9661466496021213,20,1395.9823492093597,8.554134881695797,2.7966506168389733,1.0,1.0,1.0,1.3372096606201402,1.2244493872531539
7060,1.2230802451556062,20,1137.9527737979993,3.810632283018696,1.0601254356832253,1.0,1.0,1.0,3.337502103582911,1.739997368574018
7080,0.8988929217063635,20,1379.2076281128025,9.029436947630105,4.422771510157856,1.0,1.0,1.0,38.87430664460374,3.1490888052214427
7100,1.0549339815613354,20,135.64612657122748,6.7487612470759375,3.103735105196103,1.0,1.0,1.0,31.732260828110707,2.5709216862246964
7120,1.2083032991516298,20,335.5299991187718,4.6704622792608665,2.6708097668355295,1.0,1.0,1.0,2.1460491178110694,1.5572031196233518
7140,1.1449939151594724,20,45.56227178293659,2.970970859502725,2.0399092275895647,1.0,1.0,1.0,2.793128472293494,1.5606636337071655
7160,1.0903151958054913,20,63.03944953483416,6.0167777842376005,2.2576708731146082,1.0,1.0,1.0,13.838471403101803,2.1081707913801524
7180,1.2439841091848796,20,1137.6312913939926,3.52648022122938,3.4755391290922955,1.0,1.0,1.0,1.4885845582172952,1.2674696753345431
7200,1.1692148941891571,20,22.586362301716473,4.270277751740737,1.799152728778038,1.0,1.0,1.0,18.25563208380433,2.3948222502034087
7220,1.2742621891883115,20,7.507886524513052,2.671355169149185,1.2145720708225423,1.0,1.0,1.0,1.828895710729271,1.2858652773586399
7240,0.8714986167862099,20,479.08112859978684,15.372444388820245,1.601356851119874,1.0,1.0,1.0,5.6903796293084685,1.655948945543855
7260,0.9198484882719148,20,368.76601523377815,9.340617017536472,2.1001205800580722,1.0,1.0,1.0,1.379365070109648,1.267342883697526
7280,1.0587641958514278,20,225.8742782327419,8.232107156715553,1.9150216782315257,1.0,1.0,1.0,1.5084467482183304,1.352259238756149
7300,1.252917426801904,20,669.44345405964,7.736129777720821,1.4249214933488996,1.0,1.0,1.0,1.74427404606146,1.204228911090725
7320,1.358971246416967,20,8.60384344405131,1.860804317300435,1.337456206752782,1.0,1.0,1.0,1.9793012440692124,1.427950725178734
7340,1.2096944158090865,20,34.27771470280834,3.953084154672049,1.9787822596958953,1.0,1.0,1.0,4.164555375624105,1.6514075837657236
7360,0.9203859731074665,20,166.75643663927886,12.541068086426433,1.6117235361752031,1.0,1.0,1.0,10.012473741820287,1.3911018735620164
7380,1.2102442321596991,20,28.70373256880081,2.6949763430323674,1.5016680848023016,1.0,1.0,1.0,3.54621353962916,1.6866586588469554
7400,1.0427662700256861,20,240.458323631366,10.43746477933006,3.5202687471431338,1.0,1.0,1.0,1.3060726310193196,1.2231721067979278
7420,1.372345131399228,20,16.051026979496818,2.0201802694564286,1.1893541832229981,1.0,1.0,1.0,1.4527197954769941,1.2935857753101816
7440,1.2817330911435358,20,37.24845479125331,3.4277638835758393,1.852962433569257,1.0,1.0,1.0,3.0531330153288962,1.4696659272068606
7460,1.1769011996469803,20,338.1389339173282,7.695257246894691,6.448694854451793,1.0,1.0,1.0,1.2902316132994736,1.2335865350132724
7480,1.1899105008075124,20,88.9474730561295,4.140248065314488,1.283072171514845,1.0,1.0,1.0,8.811017749889224,1.5546213951166237
7500,1.169655768878804,20,45.30206766532107,3.3611702227552764,23.955786894074567,1.0,1.0,1.0,2.392120375154804,1.4458353306984026
7520,1.3068319481888926,20,33.81339502323467,2.5680530918526983,1.0738285254406752,1.0,1.0,1.0,2.433125899240469,1.4206384138928048
7540,1.2694450302047846,20,140.30892525729936,3.3752583210232014,2.163031881428874,1.0,1.0,1.0,1.3514216813542574,1.2626812789736293
7560,1.3506111899747686,20,166.3074629060739,3.0122080705871865,1.3394213293075474,1.0,1.0,1.0,1.4399497596802502,1.3103992148095005
7580,1.0289776435629752,20,12.361491363386728,3.778877572973965,3.309074333526808,1.0,1.0,1.0,2.8807600679926706,1.5502002346712525
7600,1.1335175850027897,20,221.9791897451243,4.206922720065852,2.9873767669155673,1.0,1.0,1.0,2.5985231795498596,1.4933857442396443
7620,0.9051033786590903,20,42.70204402885146,4.479592979609747,1.1958726850965333,1.0,1.0,1.0,41.65911548825041,2.2335999028155826
7640,1.1580662827027326,20,45.13471265879123,3.9708295146151746,9.731406294775697,1.0,1.0,1.0,1.3451052543445432,1.2719615170477165
7660,1.2621482082969422,20,14.270425825872243,2.358028521834541,7.7189613703067605,1.0,1.0,1.0,2.817628676621439,1.6859151974813633
7680,1.1563225364103302,20,64.03489342476686,4.357604429777184,6.880308629691773,1.0,1.0,1.0,6.898717701027005,1.8899182888757906
7700,0.9779213433618923,20,2521.4853770993336,5.889293147960788,1.9725394870795137,1.0,1.0,1.0,3.9176259275161756,1.572621686035778
7720,1.241013968791718,20,40.319713301451415,3.9724586403089974,1.9035152761747451,1.0,1.0,1.0,1.2320275769586329,1.1968583099625585
7740,1.1546403771198133,20,803.4430067013999,6.967120672366494,2.340280055312661,1.0,1.0,1.0,3.5677810967666588,1.7378412596891963
7760,1.2055686115217488,20,130.96204361822706,4.187949407405392,2.835468089535673,1.0,1.0,1.0,123.3501093066889,2.9037602650241388
7780,1.1685813509201337,20,50.21340317569656,4.725794291571519,1.974962055659478,1.0,1.0,1.0,1.071773670043811,1.055492047895979
7800,1.3604086647319102,20,3.87882377750651,1.872570086183421,1.0776696692379835,1.0,1.0,1.0,3.0352734621586075,1.4903992048492762
7820,1.2113563035881507,20,46.03184603495269,3.7169634699917027,3.2461977137978226,1.0,1.0,1.0,1.2175412484865544,1.1561466019332247
7840,1.3209969665173333,20,31.917121742188776,2.498396410947214,2.2455737774616527,1.0,1.0,1.0,2.1787795910435017,1.4809664837986105
7860,1.0644862233934098,20,71.96771382096568,4.880673543967463,8.753025259059042,1.0,1.0,1.0,2.697837805885989,1.3746228581726778
7880,0.8087059726755197,20,50.56534155470473,7.195955080673292,22.04321127604113,1.0,1.0,1.0,3.771715222970498,1.4773547458099754
7900,1.110703172852387,20,88.51048908917306,5.01856034121216,1.9859052960841495,1.0,1.0,1.0,26.45864550781219,1.7128601061331556
7920,1.1908953921763499,20,972.9111743957474,6.725136368241954,1.9182231103605136,1.0,1.0,1.0,1501.0073418732645,2.916612513554428
7940,1.384323857998086,20,4.379285891053243,1.8444811366353517,1.551914466790993,1.0,1.0,1.0,3.5282068184521904,1.471453356878798
7960,1.2299861422842038,20,155.13180952929324,4.889464268074736,1.6794475076762025,1.0,1.0,1.0,1.3855871517268437,1.1888659536813773
7980,1.1369739888208361,20,91.44747205078617,4.488724355499678,3.5015859419051028,1.0,1.0,1.0,2.494658490963032,1.4603384015283156
8000,1.2487868057774751,20,1163.1239234248228,6.439733126289215,2.296302819436754,1.0,1.0,1.0,4.0985392135574115,1.5038529393726943
8020,1.1250970790413848,20,285.13605110263023,4.498803657807673,1.3753847403419044,1.0,1.0,1.0,6.56736750645708,2.050620617365789
8040,1.2023144870618467,20,37.61100412194048,2.952980015038161,1.1823583603505072,1.0,1.0,1.0,14.83348318966084,2.903891377041676
8060,1.1381179400479762,20,1975.4856029487953,5.403286042980371,2.0696002569167025,1.0,1.0,1.0,1.3494976592703,1.2243878615084114
8080,1.1017053029761374,20,511.639233678025,4.398599836939085,2.5269836190844757,1.0,1.0,1.0,2.730099735906646,1.4109450675719382
8100,1.2713341830581997,20,7958.32003224122,3.3527471635152137,1.5532807881881598,1.0,1.0,1.0,752.4423067237929,2.438697119671652
8120,1.1407278825080354,20,69.24645194666437,3.777910144975397,1.563401680851682,1.0,1.0,1.0,12.877637540842766,2.759874127497171
8140,1.2224802268433441,20,147.6404371841066,3.357936204272807,1.1728827281511467,1.0,1.0,1.0,3.990481800968664,1.7493805457754983
8160,1.1335362433976255,20,1713.2641068624907,4.554831690652559,1.4452377302076542,1.0,1.0,1.0,1.3905378163234892,1.2673150501223185
8180,1.2779781186788044,20,4.244308373543223,2.146286633872128,7.075940169594194,1.0,1.0,1.0,114.81247614989657,2.399123270480225
8200,1.1610360188070326,20,202.06901770163353,5.546889281645447,2.854490409087367,1.0,1.0,1.0,1.1756383294400963,1.143479671927043
8220,1.1991895068094005,20,5.21234720492493,2.411172192386492,1.1348574428317115,1.0,1.0,1.0,3.3510585591892124,1.9092027593120726
8240,1.1786214786372569,20,4.697323482717889,2.449890210059223,5.813261531918477,1.0,1.0,1.0,5.31016843194333,1.648855324063194
8260,1.1845186510506869,20,14.79652482883014,3.078620062013217,4.464708887073242,1.0,1.0,1.0,1.4279733412509414,1.290103344612729
8280,1.066974111094622,20,60.988514658470024,5.375357361495444,2.3616404185563895,1.0,1.0,1.0,1.853819497848384,1.3165476362597526
8300,1.2671588205090556,20,3.8547990733914808,2.0328971648127303,2.202063586896187,1.0,1.0,1.0,2.323092196238659,1.4340028531698876
8320,1.2620505748910733,20,47.79451104869883,3.4086795600092077,5.035170305487351,1.0,1.0,1.0,5.365201649934356,1.6342488828245954
8340,1.1560238825349345,20,106.4129561406284,4.5960445119483335,4.4116958161008455,1.0,1.0,1.0,3.0140137844074966,1.706436359640765
8360,1.0141510321405243,20,11068.835099726546,8.116398267096617,9.563583895969233,1.0,1.0,1.0,1.3083561225845828,1.2306392490174805
8380,0.979736652336651,20,225.59184335088767,7.948871649232483,2.342901756640814,1.0,1.0,1.0,1.6808195621612811,1.3867265177474615
8400,1.1780610815984085,20,42.0763696717577,4.2592129524906515,2.70812829937641,1.0,1.0,1.0,1.212581607707882,1.1771935808389151
8420,1.2475120257205117,20,32.511282974684,3.1263880996516957,1.0348703245192266,1.0,1.0,1.0,1.6146801424154553,1.4354947855055455
8440,1.228443018447697,20,27.36964003736972,3.5505946916592825,1.2001079326517499,1.0,1.0,1.0,1.8074154040613108,1.251877057027777
8460,1.34554162863772,20,16.096511522531014,2.3172020710369288,2.0525858073085286,1.0,1.0,1.0,10.523152779349243,2.093131406561497
8480,1.265423120592428,20,8177.6710482722065,6.023099653493841,1.4793436421650443,1.0,1.0,1.0,761.592288987895,3.6478246730839463
8500,1.4362135074697562,20,6.09487790400123,2.095408583289855,1.4842930401241234,1.0,1.0,1.0,41.44868447584287,2.0858152730707302
8520,1.1296356054214038,20,16.804513838406113,3.5266653808519375,3.741544506492722,1.0,1.0,1.0,42.8079372752226,2.5440510398766794
8540,1.3038389492542322,20,113123.0137865784,5.03916206717026,2.6096622020556337,1.0,1.0,1.0,789.0380722640999,2.7611616584552574
8560,1.263732905255162,20,8.86579769106506,2.6050542567412274,1.7090401875564334,1.0,1.0,1.0,1.2487009117472003,1.2053170187422402
8580,1.2531339574911806,20,3.692303536979864,2.0491529023362998,1.1900175364557257,1.0,1.0,1.0,11.538696175810632,2.7599215266286654
8600,1.3588499988891936,20,8.941925498830726,2.0139281832955134,1.2298363858281134,1.0,1.0,1.0,2.365181875900729,1.41324095591059
8620,1.3459251823138012,20,25.450585729329255,3.217811597041638,1.8254148639459866,1.0,1.0,1.0,3.7656946939800697,1.4480850805467251
8640,1.0479081484221575,20,833.6233921639305,6.425278442975144,3.4378435237459692,1.0,1.0,1.0,12.370402865067005,2.427668612274129
8660,1.186050296512159,20,156.72628071520165,4.776527844649332,1.5531866862978136,1.0,1.0,1.0,11.304570482436302,2.0056726818737394
8680,1.1016534020562128,20,30.156850920313435,4.257810395542745,1.3798534235237987,1.0,1.0,1.0,6.605850047610344,1.7338863470261
8700,1.2348794401974712,20,222.1040616877318,4.311491196850364,1.4624210846498695,1.0,1.0,1.0,19.736147021317397,2.3001804916577218
8720,1.1411478782242315,20,61.99287119786531,6.432044419858463,1.3897859248443931,1.0,1.0,1.0,9.981283036799347,1.6881672151087492
8740,1.1454279910849432,20,102.4807785313354,5.083319050583102,1.3307373658011992,1.0,1.0,1.0,9.751096467922535,2.942009547471908
8760,1.1912929875768405,20,422.9805524508509,3.43781117149229,5.7925785309326825,1.0,1.0,1.0,7.425183885253963,1.833084194607061
8780,1.2931477228576278,20,20.243846511995123,3.0648686910225096,1.691840799535602,1.0,1.0,1.0,2.36900395327081,1.2905313538392083
8800,1.1794103011127013,20,14.208942100611049,2.832953677302775,1.5600953015787105,1.0,1.0,1.0,1.385101011552122,1.269067905100983
8820,1.1323095345557987,20,1747.1162999331998,8.875046190370256,4.888172500521915,1.0,1.0,1.0,751.9532542686195,1.9930438082240365
8840,1.033528706156654,20,37.779845258174355,4.382914806414359,65.15558784674896,1.0,1.0,1.0,2.91982423162552,1.540681518027851
8860,1.2473618581761616,20,67.3394398743502,4.261391459755877,7.891781676429515,1.0,1.0,1.0,2.6152389875096542,1.3387029694531045
8880,1.092369975016506,20,168.51058760735572,5.734058639812995,2.923284355885436,1.0,1.0,1.0,4.863573591899567,1.7519779236807955
8900,0.8517502051359955,20,27.93921978691278,8.297772349139988,15.35115076568406,1.0,1.0,1.0,3.8000202839437045,1.7428294462208767
8920,1.3126213042318802,20,4.521973409065725,1.895079683495938,2.5538773443539924,1.0,1.0,1.0,2.6209482789335823,1.4205562050678378
8940,1.0814229111854536,20,29.109764734583297,5.640009553233026,9.313844312030364,1.0,1.0,1.0,1.266180807377421,1.1939589381941182
8960,1.0993199275049923,20,245.44021150412328,7.175283803641792,1.0779130637960384,1.0,1.0,1.0,4.5709095500401355,2.2789809736291433
8980,0.9780379207141005,20,127.49220705271114,7.42849279104384,4.227781247392332,1.0,1.0,1.0,4.209126392935311,1.8077654367874605
9000,1.1774293123925699,20,775.3554234063982,5.471098302676126,1.6476030861523112,1.0,1.0,1.0,772.4336281211738,3.894425314793608
9020,1.0675561163593241,20,38.42827744765068,5.42792338055635,22.98744307598247,1.0,1.0,1.0,5.657799249645505,1.4948069616939994
9040,1.3095694870007464,20,8.042737369061836,2.6577607157369383,1.5571542468418167,1.0,1.0,1.0,4.903120214731959,1.6736319637568242
9060,1.2966602766503421,20,62.987724557858414,3.2325929219211313,1.2618843646952822,1.0,1.0,1.0,2.0144709266430936,1.4579217476399744
9080,1.172506331984179,20,427.7417443278472,5.134125983015665,1.2245170557308225,1.0,1.0,1.0,2.0235949305521457,1.4025382326600497
9100,1.2660674345724345,20,501.77406104636054,5.9166203586004125,1.6752185408610754,1.0,1.0,1.0,5.331989091351473,1.5521884652106124
9120,1.1993412020158198,20,155.9350203278386,4.039861303267816,1.1693842725553625,1.0,1.0,1.0,2.2001538429375005,1.34363849745714
9140,1.358834896870588,20,40.85940151858464,3.231827763333924,1.3440067554090092,1.0,1.0,1.0,1.9239232427255846,1.3255854607312954
9160,1.2485787517245721,20,346.8816280519897,5.66547360434578,1.0699095979730993,1.0,1.0,1.0,2.9085631166497454,1.6124656861243383
9180,1.4445027053317123,20,3.0845981630712993,1.7152300936483147,2.3454156325827147,1.0,1.0,1.0,2.3836522911352986,1.4794510322520966
9200,1.2073257782673763,20,13.23935346774737,3.036225264708184,1.6653423797953142,1.0,1.0,1.0,14.031538775241348,2.53233727827312
9220,1.2834254379608092,20,40.37275915003721,2.8737189681172866,1.7536693751412002,1.0,1.0,1.0,1.8478025494677077,1.3000052739023449
9240,1.212572501168872,20,21.037390591236502,3.0391895120119354,4.873661733960083,1.0,1.0,1.0,4.187071838178333,1.832068458405648
9260,1.2747059045960163,20,138.4543398448571,4.18442023463105,1.2673908049120697,1.0,1.0,1.0,121.15449753133848,2.4113039727166754
9280,1.1426572654757066,20,99.2333020803903,4.344264759157022,1.7691204505042895,1.0,1.0,1.0,1.9304734011452311,1.5004718649411668
9300,1.2289214351642284,20,39.5055282029203,4.0217519096823,1.7454564968905626,1.0,1.0,1.0,13.829190856283551,2.141201306008603
9320,1.2512304005131962,20,290.7354446143755,4.033293921362152,2.155108273897284,1.0,1.0,1.0,1.1180930841663188,1.0917197585728893
9340,1.2627826451310717,20,28.592879378312528,3.2944090141068645,1.1586881112139684,1.0,1.0,1.0,10.40199715404346,1.748152851900279
9360,0.9963332266727496,20,53.74462841338076,5.71780481413908,4.621328627554959,1.0,1.0,1.0,9.168181439489022,1.5900341766812671
9380,1.2183525795238532,20,23.44231448129226,3.8723557447028565,2.0001865702189927,1.0,1.0,1.0,11.192899431527675,2.6550182607091872
9400,1.23548531266269,20,84.13280204970225,4.257377397816985,1.1521097988364104,1.0,1.0,1.0,10.639367142666234,1.915897316249376
9420,1.0822171920805412,20,79.19594067930214,4.718173616054255,2.271535392277366,1.0,1.0,1.0,1.3730920441581391,1.251564430297646
9440,1.2726139783803074,20,168.7775747493356,4.081862792021849,2.0881782497458166,1.0,1.0,1.0,115.69193004711163,2.3690971207369316
9460,1.283088132268494,20,142.36724719871415,2.957225617941557,1.5205370998516268,1.0,1.0,1.0,40.59348283996748,2.5058859488916148
9480,1.2154562581405544,20,28.958119235388175,3.509344076456744,1.4401919793807232,1.0,1.0,1.0,5.29381192674651,1.8195941267762088
9500,1.1931947320551173,20,20.089635927965052,3.2701806930520765,1.271407311507093,1.0,1.0,1.0,2.1419020251109413,1.3794695218830688
9520,1.2340416347792051,20,18.7196732042862,2.9316692851961488,1.2652405435099414,1.0,1.0,1.0,4.2570846444994945,2.24465462581948
9540,1.4651607511356675,20,9.209776737708355,1.8861366799297736,1.3002297659047115,1.0,1.0,1.0,1.8825839677428866,1.3297287973946685
9560,1.2183455644245822,20,25.650329153810894,3.1836436818461396,2.5148589632716423,1.0,1.0,1.0,2.2044109119050264,1.3414571126801522
9580,1.0913577222198685,20,442.8331269879508,5.08366423685614,4.201265814567818,1.0,1.0,1.0,1.6931590462360266,1.2981391876110624
9600,1.1343345615230196,20,80.92593250732838,5.263194545877272,10.895318883769603,1.0,1.0,1.0,2.3064126935906937,1.4116162971125379
9620,1.281742383921498,20,35.031610474042196,2.991757605066194,4.588906314808468,1.0,1.0,1.0,4.584174081357368,1.9302922908765632
9640,1.1056705303968293,20,1793.0595548700858,5.135396938078755,1.3919479135743624,1.0,1.0,1.0,1.5070959849157202,1.338247344894844
9660,1.3139883770155814,20,96.74103601962493,3.5112455964706872,2.0450228200710585,1.0,1.0,1.0,1.3446419588673348,1.271713904423281
9680,1.1934086563047013,20,50.79599303235625,4.927786259235035,1.1889834098521617,1.0,1.0,1.0,3.5498435206919376,1.451829770316869
9700,1.4907258683803593,20,2.1528779223823116,1.4046163414871333,1.0836685405062976,1.0,1.0,1.0,1.6784521246456119,1.4129065513980776
9720,1.4064857237632562,20,2.899757245541138,1.7580256000578844,2.278303195143068,1.0,1.0,1.0,1.0841333974657699,1.0739531668739657
9740,1.2547838956085962,20,104.83734380442543,4.118943557527632,3.0109414430951182,1.0,1.0,1.0,1.4229500912331503,1.3168250353858748
9760,1.2924887525786084,20,27.97017866566071,3.634162619265185,1.2692809729788976,1.0,1.0,1.0,10.396036668853451,1.611637210230448
9780,1.2144445930764027,20,844.2257148996869,5.027144037293468,1.850515363766982,1.0,1.0,1.0,9.055508979743564,1.8180103985008613
9800,1.1951889118506884,20,747.2924904511211,7.1779135825981975,1.7240339136721925,1.0,1.0,1.0,1.8433608255069718,1.3065363817830251
9820,1.439790425951665,20,1.8334149661986487,1.5017061927998818,1.5226361732355205,1.0,1.0,1.0,1.4844797316503777,1.3166015850277188
9840,1.192571675498304,20,765.7962901143934,5.132960619728006,1.3756592869807032,1.0,1.0,1.0,751.1348003296321,1.881371820233868
9860,0.904564786061034,20,30.848585574438154,5.388695996883417,2.7731903172034684,1.0,1.0,1.0,2.8059613120498,1.4466297316334988
9880,1.1786523707207794,20,4096.48247767804,5.001726871524335,3.9743693226438457,1.0,1.0,1.0,2.8258229546735074,1.6900915354344808
9900,1.3334558713914406,20,4.063138769453539,1.910317901279239,1.913519259467526,1.0,1.0,1.0,3.657673252376474,1.508459755201975
9920,1.2440957289593315,20,90.19961400332849,4.642556912863539,1.317911298056356,1.0,1.0,1.0,41.68320595028016,2.511485862714143
9940,1.2651675020236217,20,422.53829787553394,3.2877372064780754,1.5444821371343596,1.0,1.0,1.0,4.21250431673091,1.6151448658025673
9960,1.09556528875471,20,2974.908799388175,10.36365649621645,1.7615358421431033,1.0,1.0,1.0,2.525947262896164,1.4208666684200935
9980,1.2958015804331464,20,1277.9443232271306,4.880979154673737,1.2930829361729121,1.0,1.0,1.0,2.8709278465598365,1.571246211117771
10000,1.0607199249233148,20,184.63232481984863,7.541141569017076,1.9437747516298167,1.0,1.0,1.0,2.7853935683037827,1.5362733687116004
10020,1.2685022856139043,20,68.26296013383045,2.8639486876315727,1.3866519759541556,1.0,1.0,1.0,1.220520135543899,1.1825418515159671
10040,1.2014756097843604,20,144.6904612398107,3.929073934493972,4.057802346991908,1.0,1.0,1.0,3.300918735232216,1.6412845308943211
10060,1.2895378037454555,20,6.2319113470472365,2.2388780226095393,1.629949637343239,1.0,1.0,1.0,1.4161645920886186,1.281386790345979
10080,1.1471347170014257,20,525.3409892992529,3.6528079179880213,2.0660701048268533,1.0,1.0,1.0,1.889144780815472,1.5262772607034454
10100,1.009346894650683,20,994.1794561942094,12.511045864440506,1.5305610854444582,1.0,1.0,1.0,761.308143209512,3.1262064579617426
10120,1.2185183330089777,20,157.02799571229122,4.424981340449685,8.491938720891369,1.0,1.0,1.0,8.497480243149548,1.7163914701550618
10140,1.0020552439874453,20,171.20445676989874,11.293975947996232,10.346704494721573,1.0,1.0,1.0,4.490918067235711,2.183323826416089
10160,1.2704785036688182,20,5.0436751548617105,2.2053755136126245,1.0406088143023158,1.0,1.0,1.0,3.259069627594401,1.5490998445968422
10180,1.2482794202434335,20,150.97355433848674,3.8695014403112,2.378654670013916,1.0,1.0,1.0,115.94580896454235,2.482557059621539
10200,1.1507976272097244,20,61.9419259594092,5.136369068216993,1.0987936252654285,1.0,1.0,1.0,1.4985688740342902,1.3447210995516892
10220,1.2762097775296575,20,996.0959644469133,3.674009985294472,1.1286776177325664,1.0,1.0,1.0,13.630037688923258,1.9365896987434543
10240,1.3411706014916205,20,577.3145332958517,4.70511197966398,1.8009604959696155,1.0,1.0,1.0,2.0266719823144426,1.4350758576052056
10260,1.0893567008493643,20,4303.524920467646,8.586222202536403,15.7316539008892,1.0,1.0,1.0,1.248971813912775,1.1766172803853205
10280,1.3812180851106155,20,25.429564974183148,2.220072747259307,1.447289128930711,1.0,1.0,1.0,1.3125271559834482,1.2011050946712918
10300,1.4765064298581498,20,1.570480710425551,1.4295090813909173,1.8422319033471177,1.0,1.0,1.0,1.506572938471421,1.242792711447064
10320,1.1817768512677256,20,99.22604677984233,4.8585762958450305,1.296389061049755,1.0,1.0,1.0,4.401359094992825,1.6060235335264024
10340,1.1001024049259136,20,167.43919471604653,4.3730925685618445,1.7537373046200073,1.0,1.0,1.0,123.91197092861914,3.236886127228363
10360,1.200445977244882,20,22.80703408614071,2.8899194007138735,5.899849524779928,1.0,1.0,1.0,2.0023562054482738,1.403061303376057
10380,1.2319855745896984,20,1897.2120900447317,8.38183038605555,1.1183328534951174,1.0,1.0,1.0,39.05367019890344,1.7271073113567799
10400,1.4114980775636232,20,20.71477431637751,2.2677296131911895,2.9027882656418327,1.0,1.0,1.0,1.314478154530196,1.2571308801574992
10420,1.1858328396843398,20,45.30260986047399,3.031798885126101,2.180523772516957,1.0,1.0,1.0,2.42452850508365,1.4463887701562683
10440,1.06221204070918,20,51.532916047885706,5.2323188359110855,1.8934055735627795,1.0,1.0,1.0,225.87204536266987,2.835865029587653
10460,1.1115678693222513,20,41.0027098521045,3.7001505605226432,11.36479183845896,1.0,1.0,1.0,26.67064333774125,1.7401678943405
10480,1.1033542635807896,20,42.432723986947295,4.112270076346859,10.20739395708409,1.0,1.0,1.0,118.26050383750325,2.506030353585139
10500,1.1242101140448122,20,261.1750189297103,4.528904302009574,2.5729820502467966,1.0,1.0,1.0,7.487585927396887,2.3008698441831648
10520,1.0703759015442558,20,35.85152013258825,4.0945941026891655,36.498780503860914,1.0,1.0,1.0,2.1095229938486786,1.4035879186385811
10540,1.2597688035240624,20,99.10337590126686,3.696071153190376,2.030979176904635,1.0,1.0,1.0,5.727839964273602,1.6031394478502292
10560,0.9875187372525301,20,557.0133715999846,8.92598263675359,4.813540113390174,1.0,1.0,1.0,34.024960839568465,4.839135912407452
10580,1.2341784349176075,20,36.94001877867645,3.0112711890515644,2.2716158179000203,1.0,1.0,1.0,4.300671010252334,1.8574022883174182
10600,1.1184426659922817,20,60.58698039456051,6.107241323375231,1.392897475764386,1.0,1.0,1.0,9.883968192875985,3.0375212350888803
10620,1.2536828687191257,20,160.53253460729343,3.055286748017733,1.3000437684456643,1.0,1.0,1.0,16.17158577676908,2.4807448093067412
10640,1.3292285886324926,20,77.31475019811091,3.01540605364963,1.2120086263067558,1.0,1.0,1.0,5.368721061296351,1.6497727213673872
10660,1.2071959533557297,20,31.658460266711007,3.3182841090550337,1.670600611994501,1.0,1.0,1.0,1.7629552722307007,1.4601138587617515
10680,0.9672079550972438,20,271.39963323680934,5.043439584580342,2.460450266154022,1.0,1.0,1.0,2.627151388026402,1.476137852371987
10700,1.1262078863715712,20,23.986587331594393,4.31096619795417,7.458183618476813,1.0,1.0,1.0,1.5605241537077894,1.2424137238797401
10720,1.209721273115611,20,65.38240446511193,4.2072678711375815,1.093052131243055,1.0,1.0,1.0,1.2602158131160113,1.1776389868857182
10740,1.166385294241476,20,79.62480358006643,4.225748902175163,9.376573428494508,1.0,1.0,1.0,2.5029164440441702,1.4117723328474963
10760,1.3698530533245543,20,14.496780505911147,2.3428032718714173,1.2982316273222558,1.0,1.0,1.0,1.4149975491153193,1.290243290928722
10780,1.08952336445525,20,360.32046262979196,11.005150697258024,6.486117259047745,1.0,1.0,1.0,113.986451636675,1.940800305453207
10800,1.1579669778779986,20,39.17911265885948,3.2878892937092026,5.855440848931984,1.0,1.0,1.0,5.498284575289562,2.033864768034488
10820,1.1502999711147566,20,8.833905993225006,3.3580914203345555,2.403208101295179,1.0,1.0,1.0,2.568274042211172,1.2985681664954458
10840,1.2264012316317434,20,37.22278647063343,3.461381162903781,1.2798932479461118,1.0,1.0,1.0,4.22518610806587,1.5474247664374479
10860,1.2725639179424169,20,783.8964479992028,4.3985927695063145,2.036464582026678,1.0,1.0,1.0,1.3376841811857947,1.265278245268906
10880,1.232183888475038,20,28.860968353027555,3.100095738551295,1.5850762257847462,1.0,1.0,1.0,9.705388302886327,1.5723805459554916
10900,1.3265576340354088,20,30.98964325079325,2.7131244779398775,1.4501202172662884,1.0,1.0,1.0,1.9546422018004233,1.387893960292757
10920,1.3390629408710286,20,27.521103282362297,3.022204962281871,1.7689144970752468,1.0,1.0,1.0,1.5267958356402622,1.2998351076165116
10940,1.0820989456956078,20,242.70947627940936,5.516642289877977,1.775035051331656,1.0,1.0,1.0,4.005445661402607,1.9065722371468046
10960,1.126425649247198,20,1356.3018216851056,5.57426521558017,1.1985863419214215,1.0,1.0,1.0,1.8000555670952365,1.2857734480424678
10980,1.2368017572451726,20,428.2097048889782,3.607738866077892,1.08087706772484,1.0,1.0,1.0,1.4128850612552613,1.2349427955735244
11000,1.2966011752126696,20,19.420947103715797,3.573759528437911,1.9387671158171897,1.0,1.0,1.0,5.417024160824494,1.4536377187547207
11020,1.42455112579542,20,8.316885511099475,1.97277245749843,1.5928333103013275,1.0,1.0,1.0,5.944241950258551,1.546706160677962
11040,1.072950039358688,20,278.2569926624209,6.652895712254137,6.926312011636424,1.0,1.0,1.0,3.649376427541101,1.8407406277265654
11060,1.1884347282604255,20,52.26453006794193,4.80803008866393,1.1014229333313608,1.0,1.0,1.0,1.3683036206369628,1.2289412277620653
11080,1.1390657891567242,20,276.1162565338899,7.461923730417155,7.716088440070216,1.0,1.0,1.0,2.139868812237588,1.3793959918752625
11100,1.3042033682165537,20,6.701229311327322,2.3887711569349213,1.4833757763176052,1.0,1.0,1.0,4.94820038875554,1.6600522990712328
11120,0.9650281035916514,20,157.38399763324566,6.266160926156715,4.189276447760227,1.0,1.0,1.0,8.797177671932989,2.1343511109366986
11140,1.1346938825252335,20,828.1945781453426,4.774570031199146,1.1650620462264187,1.0,1.0,1.0,2.503878824606061,1.5528819299610706
11160,1.3051305348321232,20,147.49257569834558,3.542361501120273,1.335576758033178,1.0,1.0,1.0,11.216999265063077,2.127363249631401
11180,1.27614077738751,20,11.790726260698225,2.9396206325240923,1.4502169120603465,1.0,1.0,1.0,3.741257831470886,1.9698466253846298
11200,1.4281445823059844,20,11.333110760767969,2.0835841226508713,1.1081153541419135,1.0,1.0,1.0,751.1405564060552,1.8656154787743717
11220,1.2065478348083953,20,125.8991826859944,3.605287878235842,1.7786231946351108,1.0,1.0,1.0,26.992582480801655,1.8472901657577165
11240,1.3331619956508134,20,39.989273842924135,2.5488524671645547,1.471858409210561,1.0,1.0,1.0,5.405072715874129,1.6595795469462211
11260,1.2234830024230567,20,95.51966184453165,3.1639814149259378,1.5041112937997885,1.0,1.0,1.0,1.7981914455170682,1.435270979996774
11280,1.2136315657249035,20,83.64838351308929,2.809843294717023,1.4091737100686088,1.0,1.0,1.0,1.9695820981536922,1.4446347296088515
11300,1.3156043228438468,20,7.43408382679839,2.2858557468227936,2.6592960550179496,1.0,1.0,1.0,5.177489019615736,1.8328227642792316
11320,1.2748872878137516,20,9.533075230320597,3.0062537105621083,1.5524023506158096,1.0,1.0,1.0,1502.1161591201694,3.875574760812813
11340,1.0988490194627274,20,30.69570874404683,5.046017944674152,1.5977075835342487,1.0,1.0,1.0,14.87437284657041,2.2559759562162194
11360,1.2869217280004075,20,1807.545093514234,4.2526816304612876,1.6503185883089766,1.0,1.0,1.0,2.577561412015654,1.593709172435169
11380,0.9469983785641078,20,67.03219436625672,9.05697365028285,3.199711087143694,1.0,1.0,1.0,44.87887162369305,2.826733449027949
11400,1.3306099025598261,20,12.667864336373064,2.2632685510015453,1.858211440850162,1.0,1.0,1.0,13.953373270285889,2.4569444588250255
11420,1.09783529826352,20,419.6909578629944,8.1018258572896,1.0878769082985067,1.0,1.0,1.0,2.072895306571501,1.3344111158677578
11440,1.1238062496154588,20,60.177457125799926,4.5477429682209385,6.417474296988475,1.0,1.0,1.0,41.68094788445773,3.998632330405189
11460,1.3890228721882791,20,114.26608152886149,2.8699504904871422,2.0916129229428737,1.0,1.0,1.0,5.487094713721179,1.5303716959909626
11480,1.4020253079435026,20,6.092205920548759,2.129459642896879,1.9489906699774775,1.0,1.0,1.0,26.533928881276836,1.8141671792956162
11500,1.1221614325274032,20,160.7553949386144,5.844116088834639,4.598434112448425,1.0,1.0,1.0,1.1845862561769924,1.1510616403444907
11520,1.0891141749806577,20,17.46631696187568,4.481105375672305,6.459065250324246,1.0,1.0,1.0,7.40955851461935,1.58459405301441
11540,1.287467382874377,20,2.533383291989895,1.8157514754622315,1.5130768201501412,1.0,1.0,1.0,1.4672714103603866,1.2303307871077884
11560,1.2205955914965407,20,6.907765339513988,2.5094984894444208,2.1477508093946738,1.0,1.0,1.0,2.5263274297459435,1.4030957345935149
11580,1.2258742758501275,20,34.55297698220364,3.7928338748428803,1.3210590742392971,1.0,1.0,1.0,14.082118123440997,1.931125260750854
11600,1.2992065459018631,20,237.60607149046308,4.029266837429437,1.7926786067553409,1.0,1.0,1.0,225.88307094133137,2.9564492686814403
11620,1.1679489729133106,20,137.98425281320482,3.297203067589727,1.93315979617667,1.0,1.0,1.0,1.4541099447276964,1.34194546311749
11640,1.2107257014862214,20,334.60432115440284,4.799262771075675,1.2529497750438747,1.0,1.0,1.0,5.432205016148891,1.6610956328295592
11660,1.3227483641111817,20,41.758507058081264,2.8524604991666593,1.5767366018904672,1.0,1.0,1.0,12.353467555619066,2.3790851378632962
11680,0.975343139273431,20,318.8165422527676,8.232659774866487,5.343590448436256,1.0,1.0,1.0,4.387580044959562,1.914289721029503
11700,1.319251759121029,20,17.659924925673863,3.11744776307378,3.0888311217720137,1.0,1.0,1.0,14.116829575924564,2.157837524871274
11720,1.3349974594716811,20,246.54779535977735,3.0092004605736054,4.987954872479622,1.0,1.0,1.0,3.765067890050213,1.411393772580808
11740,1.2252642118804913,20,32.089352590976006,4.194775772374099,1.0595534687254702,1.0,1.0,1.0,5.112683112514019,1.8726051903226135
11760,1.293250400138335,20,20.838271823878138,2.888856265231562,2.3338954007938653,1.0,1.0,1.0,1.1884636775663495,1.1602958292395131
11780,1.1780421163781625,20,873.1979581540396,4.773904398505824,8.334797559949363,1.0,1.0,1.0,4.403001283007731,1.9875082129275021
11800,1.256253618023294,20,10.455701292200077,2.42805672657451,1.2831931701475228,1.0,1.0,1.0,3.3890615620336026,1.7362536549478753
11820,1.4244460540893378,20,758.3792204345597,2.7563640281450352,2.3705164416006057,1.0,1.0,1.0,752.4643048900429,2.5811203996680914
11840,1.299441234599393,20,420.86372158719786,3.176513309387535,1.4366648572872058,1.0,1.0,1.0,3.7475772247721792,1.386978576820222
11860,1.3348227800144585,20,149.1156220691499,2.8165421846247276,1.2486015815536358,1.0,1.0,1.0,30.864346461743214,2.401642043756164
11880,1.2985623847660492,20,51.70261782103432,3.3118681923527906,2.8284501647745035,1.0,1.0,1.0,8.173048984371539,2.256405039436869
11900,1.35884100294354,20,41.27960370546968,2.4888749397825163,2.478293033669514,1.0,1.0,1.0,3.8000761904327605,1.454365824621084
11920,1.1428293823445228,20,255.60367256789164,5.050589730224437,2.9871023274573303,1.0,1.0,1.0,3.8600519077641122,1.933202044844959
11940,1.315479897834076,20,1027.5820829177849,3.927515613389476,1.0889815587621599,1.0,1.0,1.0,1.306505178245378,1.2395176432167458
11960,1.3343847403172178,20,7.929394562130403,2.547377967411011,3.4206905888893937,1.0,1.0,1.0,2.2484702595865547,1.5108541350542504
11980,1.2313100161074715,20,1038.913034834719,4.584489379064012,1.5168818482686726,1.0,1.0,1.0,2.1650644930450746,1.6009287608340277
12000,1.2213492450719359,20,300.5869210612826,5.633581038522546,1.9634315243303542,1.0,1.0,1.0,5.386786385308538,1.4690538219149034
12020,1.1777136919969673,20,23.13454176257955,4.148396792230182,3.0138601958163864,1.0,1.0,1.0,3.5836759899012427,1.531232012633052
12040,1.1819161854987406,20,177.15795248841246,4.738743405346564,1.447330222637455,1.0,1.0,1.0,1.3310873732378896,1.2255964588244832
12060,1.1802333217449532,20,8.75583584574093,3.309383673432068,1.4027522210159116,1.0,1.0,1.0,2.66538177623639,1.5052418348495906
12080,1.220374293580359,20,46.78503347724139,4.3190453805056395,3.115295682562777,1.0,1.0,1.0,8.903318189606274,1.616260999477976
12100,1.3366345012014331,20,58.41912121250971,3.6211341143415643,1.4948047912361206,1.0,1.0,1.0,2.5720378217300564,1.3035998348581763
12120,0.953104692765659,20,551.8848892582832,12.433164131237202,14.090112390331134,1.0,1.0,1.0,2.5826320688669786,1.309503981203411
12140,1.3978798294469863,20,993.4057733396473,2.6555452966911237,1.8280962243791494,1.0,1.0,1.0,1.9414213153666946,1.4757544257668684
12160,1.2938107342300325,20,1940.1873905720713,3.498302183860419,2.7374210586115693,1.0,1.0,1.0,1.3041404268196264,1.1882212358718987
12180,1.212310722588764,20,1400.0117308066303,11.975394043880515,6.2435555564301275,1.0,1.0,1.0,227.15553035239319,3.1189441076132516
12200,1.1834786987249477,20,26.767463698972108,3.0224080204822004,1.8692934218248811,1.0,1.0,1.0,113.51759237302376,1.8000512432234097
12220,1.33851238719082,20,60.135107793265455,4.681768023364184,1.5013646702877037,1.0,1.0,1.0,1.3671399456151092,1.2895721820108312
12240,1.2498341508446138,20,31.444769840558074,2.8137059164041096,17.536320096243838,1.0,1.0,1.0,2.0652448891832527,1.4440069927044874
12260,1.051241227359175,20,259.56954218667437,5.508778470249362,7.13963099749252,1.0,1.0,1.0,27.29515153839701,2.1939194574843257
12280,1.2307725668818803,20,14.641450976117147,2.651119803818407,1.2080798091297027,1.0,1.0,1.0,8.844207347300836,1.4951111190381796
12300,1.462764209478782,20,89.11346737103858,2.3522422568483585,1.1881647787663725,1.0,1.0,1.0,2.3923998278512535,1.2880077203333302
12320,1.1484540355164676,20,89.98420735621018,3.4557280608122958,1.4901532966678268,1.0,1.0,1.0,1.2286742311496428,1.1671556352556665
12340,1.0690220451346915,20,4.145640830908863,2.704160884812911,3.879024914888225,1.0,1.0,1.0,2.692342484355121,1.4839052179531238
12360,1.4297843619179436,20,1127.8049250536997,4.33579112559995,1.2597688938992102,1.0,1.0,1.0,113.5526443029966,1.8925854683457914
12380,1.1629553427249555,20,23.51725833679702,3.9369224419111344,6.8875840105897534,1.0,1.0,1.0,1.384154679162106,1.2535625817081057
12400,1.0764940723323906,20,313.21127107617076,6.134962551358771,2.709680873059498,1.0,1.0,1.0,2.6857464401482973,1.5886901386976344
12420,1.22966712215259,20,12.406823007061558,2.907643502443901,1.4855838780812007,1.0,1.0,1.0,2.7915377687257137,1.7119059061854074
12440,1.044740966054765,20,491.69461781150784,6.895809040118056,1.7929024381490144,1.0,1.0,1.0,26.616897351105628,1.8605661557535296
12460,1.3014252150469663,20,23.691253977664836,2.045875238169234,4.481128405293312,1.0,1.0,1.0,2.594692201002936,1.4581244862399125
12480,1.2216281498159431,20,912.7102314753278,6.095140322756256,5.951506480743032,1.0,1.0,1.0,2.049889135310743,1.416847103740447
12500,1.160982784296713,20,17.002084887895954,3.2355415275847648,1.8763941032327998,1.0,1.0,1.0,4.455871154686945,1.4300093910496001
12520,1.1813455708828309,20,159.8018176130212,4.1418775202641385,3.731587901430043,1.0,1.0,1.0,3.7453127427429864,1.9510589690706757
12540,1.1362442146420642,20,435.343976089048,5.652384977251719,5.164447874021075,1.0,1.0,1.0,2.8405267934505813,1.3758303121525746
12560,1.0595017291799598,20,505.6980733753864,6.413605291431829,2.6444712956798813,1.0,1.0,1.0,10.252712844923082,1.5790737119812193
12580,1.218069095128524,20,10.47443955940536,3.4592101970308438,1.451720395862916,1.0,1.0,1.0,27.30834574587564,1.99576736103707
12600,1.2220543868758158,20,60.38897087336771,2.760143254446279,1.3487068379154428,1.0,1.0,1.0,2.907307682082341,1.6308199898227196
12620,1.2313582688893614,20,3.2698749249161843,2.293278350408249,2.2599490761726218,1.0,1.0,1.0,114.17861559990669,2.2816266868309905
12640,1.195924808971421,20,4228.033764916858,5.190000381241534,21.24791623380156,1.0,1.0,1.0,2.5360123084105273,1.425596885588616
12660,1.1437846213014673,20,206.24470088167723,6.184115956653838,1.5305237997372636,1.0,1.0,1.0,1.8110110891655047,1.3800677489680782
12680,1.2770742572843445,20,19.141315512168525,2.703337112385886,2.0806737629675385,1.0,1.0,1.0,2.868591419053763,1.5304124502428311
12700,1.2644210159241,20,157.56055869455633,3.980459058248806,1.8591453700846652,1.0,1.0,1.0,9.673755522222663,1.5485301280121937
12720,1.191731402368444,20,58.05830060673694,4.704364122809751,1.247006046950276,1.0,1.0,1.0,1.4851294503041932,1.3557405282106438
12740,1.1524886654105608,20,50.1396717077432,4.836706879634982,4.141140394480898,1.0,1.0,1.0,26.313607766647625,1.5842245468804945
12760,1.344746080429619,20,4169.343953121419,2.933986011271445,10.57461812014785,1.0,1.0,1.0,2.839756147721476,1.6005251140204182
12780,1.2704438413116503,20,124.4012296376294,2.8886468377508003,1.152166559866373,1.0,1.0,1.0,1.3112141825307113,1.2530242530034081
12800,1.264161666877956,20,144.21959184145933,2.859453781325411,1.4084532404892693,1.0,1.0,1.0,16.327659965714023,1.8821881648727588
12820,1.1701939030114799,20,17.79213230545671,3.304772435496204,1.9620788385072725,1.0,1.0,1.0,752.1612498372376,2.1861553468217414
12840,1.1675860652179924,20,227.66631494184844,7.009612558440177,1.690925745462063,1.0,1.0,1.0,1.5307704507515218,1.3377472725528354
12860,1.3276641087029528,20,51.647188229770144,3.7498030070999944,2.395841245295638,1.0,1.0,1.0,1.8654664183837817,1.276535066279206
12880,1.427645540220746,20,71.36484302091803,2.365352109249572,2.623266363129187,1.0,1.0,1.0,39.14901762859101,1.750543700585725
12900,1.3431377954711183,20,12.285157322521476,2.328291764474159,1.048262199600684,1.0,1.0,1.0,1.6903089868851198,1.3332154015759596
12920,1.375564019197357,20,5.7914199111517295,2.1357176232546187,2.7181802769165486,1.0,1.0,1.0,1.0681339179832567,1.0522895909400487
12940,1.1369176045394955,20,270.51933593866636,4.903163337936886,8.155196013481035,1.0,1.0,1.0,4.313501748189266,1.7844397195057609
12960,1.2388795799766066,20,70.86595906122693,3.4477193866801312,1.5148861946610677,1.0,1.0,1.0,1.5738663030775732,1.3147613676292516
12980,1.130549138788454,20,21.96146958560027,3.287147147611731,6.060185217751897,1.0,1.0,1.0,12.040806090489516,1.9593879757722816
13000,0.9147183344316343,20,182.5091001116378,8.744624224288488,4.013285258376122,1.0,1.0,1.0,8.708455228999332,1.4243502279177356
13020,1.4132529801379974,20,1.767184690270677,1.5711303116591877,1.9160250535491297,1.0,1.0,1.0,10.43584356918355,1.7610601490180111
13040,1.2518390573159934,20,146.36733149311962,4.925833853192063,1.7411941560201791,1.0,1.0,1.0,2.2659267778220697,1.3490296564468556
13060,1.2900376043536999,20,25.842085134160207,3.243403963514407,3.23019487802262,1.0,1.0,1.0,114.45961297412961,2.0050704122271714
13080,1.2080683967701982,20,47.37914121442244,4.352847122899507,2.57971606843147,1.0,1.0,1.0,2.65810763483615,1.6349735738651112
13100,1.3107650910913973,20,10.61982833694751,2.088824236612141,2.8496777844197725,1.0,1.0,1.0,10.38848882164787,1.7285260811932084
13120,1.3075526714913255,20,3.846960023093805,1.9691481185739705,1.5789978507183522,1.0,1.0,1.0,1.9331183112024195,1.3169303612509158
13140,1.3286592575499756,20,136.71872519622025,2.377141708982697,2.298860814335493,1.0,1.0,1.0,751.2075011378358,1.9590098999127608
13160,1.3879496223199583,20,8.360901722533429,2.343142736433924,1.431895944679895,1.0,1.0,1.0,6.0244691797714065,1.7811570563773993
13180,1.2393276791123466,20,47.45202370143059,3.9232804434785717,1.2519011763830081,1.0,1.0,1.0,751.3287543156802,1.9918831273843947
13200,0.9507507474101408,20,188.30551257996936,7.270555329003249,24.412066755994495,1.0,1.0,1.0,10.565143526384983,2.069919285633843
13220,1.2735483400077003,20,51.75129519982787,3.1846053646839563,1.3910942887933924,1.0,1.0,1.0,11.62147909728977,1.8022595258921887
13240,1.1276067510587289,20,3190.0516641027784,9.842561328602555,18.57217895746313,1.0,1.0,1.0,1.313165841006297,1.183743768301862
13260,1.3604553605502119,20,11.423958458402703,2.5520635350840672,1.1094930190577672,1.0,1.0,1.0,4.093765747409265,1.5513844565923036
13280,1.0607098305560732,20,59.84933005511434,5.080767012360949,3.9716367221638706,1.0,1.0,1.0,758.8270558707186,2.818611540597834
13300,1.1778767755359048,20,2401.501361594739,7.63020570258273,2.0992496512120997,1.0,1.0,1.0,10.716597645130927,2.4477267463431285
13320,1.4196818626020797,20,362.0218832020281,2.450655661326749,2.0263443232356013,1.0,1.0,1.0,3.8129864076895252,1.4887098200790159
13340,1.3124766593199255,20,18.70973967590728,2.5459407313719393,2.2637702286125023,1.0,1.0,1.0,2.100747420942759,1.4978314778769872
13360,1.285349186899199,20,58.120166997396794,3.6018547305330215,4.142326986693562,1.0,1.0,1.0,27.849579406072813,1.9516645652658395
13380,1.201271234822556,20,35.42515036409779,3.826673830756135,1.2314588672485511,1.0,1.0,1.0,26.728521031283016,1.9766633519608474
13400,1.3182880153743202,20,58.01098531831764,3.026015142742076,4.410517663288871,1.0,1.0,1.0,39.66354128624786,2.1594487910725464
13420,1.3869611911507038,20,860.4348904191045,3.686880645248522,1.8819654515902915,1.0,1.0,1.0,1.2972535264981548,1.2074020511286534
13440,0.9839662857927494,20,59.79420037799107,7.94276172535819,3.1418319620812944,1.0,1.0,1.0,6.131354429273675,1.9541360603789697
13460,1.083226697026615,20,253.46728333999485,5.6424953690372295,1.2272053969527006,1.0,1.0,1.0,1.4478031834793748,1.3157830228038176
13480,1.2791870350066759,20,87.00704705818092,3.9709798731640658,1.3324732207565875,1.0,1.0,1.0,11.987135266520792,2.0009594129508583
13500,1.2043969597895816,20,10.00952325487512,2.832497767536724,1.9302470351001677,1.0,1.0,1.0,7.613584353131591,2.3275755772285263
13520,1.3683506836285484,20,14.523942303664132,2.140853869013441,1.4936985844341326,1.0,1.0,1.0,2.2840001440939437,1.6200340346037565
13540,0.9353649977235001,20,124.48043960091658,7.9395480644728735,2.4405017710024097,1.0,1.0,1.0,9.775700663652689,1.5699325668441568
13560,1.3165214999180859,20,14.015957258568799,2.6330458867541835,2.82501326358637,1.0,1.0,1.0,1.1437379268211274,1.1218455337337536
13580,1.3476098182811662,20,158.08281351399552,2.7017869577279368,1.0621283491330016,1.0,1.0,1.0,2.4226515841180474,1.4387652976651975
13600,1.3246964351599257,20,8.940709218782592,2.1827205684771376,1.086397821986032,1.0,1.0,1.0,1.3331380447828267,1.2687318967424175
13620,1.2793713209421829,20,8.544415624259077,2.297771081972241,1.6821891661216142,1.0,1.0,1.0,6.369947189081466,1.829176595436194
13640,1.2945206960493645,20,19.186043489291027,2.504584171782644,1.7442475734667005,1.0,1.0,1.0,1.8383265812040865,1.2884615938916235
13660,1.0549704897806318,20,564.2741549999081,7.501959695762668,2.831642351567382,1.0,1.0,1.0,4.3900709808668905,1.8670120454931733
13680,1.3571899728770984,20,5.899487018949199,1.9654462901823353,1.2170085404937507,1.0,1.0,1.0,751.592968535698,2.09882737402576
13700,1.3954875061526366,20,8.474842502214987,1.8559735663685326,1.126096670425113,1.0,1.0,1.0,37.263696651069935,2.601502903049342
13720,1.092558662993028,20,1638.16049921152,11.171258720920582,5.166912626868756,1.0,1.0,1.0,3.4280066902907,1.775113723879554
13740,1.1605180700174325,20,112.22705457050196,4.1652771605614705,3.3798022244081403,1.0,1.0,1.0,117.20273670162655,2.91237981399804
13760,1.1875961480251052,20,13.682556427954268,4.146235378780362,2.912434542640862,1.0,1.0,1.0,4.9526940607425916,1.6662713017625286
13780,0.8430326407772281,20,123.07584183567641,9.148636257083304,1.7531978900018315,1.0,1.0,1.0,2.571980492745558,1.5193923941013143
13800,1.2075308065398331,20,1122.3745434327698,7.45670754023835,7.296867266494504,1.0,1.0,1.0,27.576490206439313,1.99080169206809
13820,1.2390037860785847,20,5.263871341201642,2.5289627049034897,1.603155217413982,1.0,1.0,1.0,114.26386987234962,1.992216416808301
13840,1.449367875904655,20,116.12623409347721,2.2192583581821093,1.0594237094035952,1.0,1.0,1.0,1.4302730795087186,1.2985297358667116
13860,1.4193143961246173,20,15.941140795869199,2.221240021468157,1.20756365124417,1.0,1.0,1.0,1.2554639412791864,1.195993918310637
13880,1.2571508818054011,20,380.4780021205148,4.445995058755802,1.154281946137884,1.0,1.0,1.0,3.780373736331721,1.4957933382217
13900,1.2972968702668162,20,80.59920220956981,3.6570949338532963,1.7379435534964798,1.0,1.0,1.0,12.96533561345881,2.540956828030588
13920,1.0788773484527208,20,232.590268738063,5.64815225713313,1.8649114257534394,1.0,1.0,1.0,1.1743360103448954,1.0938180149508203
13940,1.2102733802747496,20,1153.006626452881,5.881636766526342,1.3519390785906578,1.0,1.0,1.0,7.640208768560768,1.7645403024144874
13960,1.1722208710600452,20,6.678537620425873,2.5982050114156694,1.3419772540400086,1.0,1.0,1.0,5.846944158885765,1.8512910319489342
13980,1.2204567060077116,20,43.497420483277935,3.4726995009920825,1.857501813952,1.0,1.0,1.0,7.503086631923054,1.9598459516838234
14000,1.2914300806999335,20,23.266310961346868,2.8243671355739366,3.307149438807679,1.0,1.0,1.0,1.3762333640928428,1.19008494646557
14020,1.2375001420161948,20,72.42230041081787,4.5838611422974145,3.630440402225643,1.0,1.0,1.0,1.1968276610559705,1.1383837492146915
14040,1.2790069844374092,20,118.38379459643454,2.930103517243729,1.4091543867631204,1.0,1.0,1.0,2.3179775170843286,1.4709445309492823
14060,1.1060783819813036,20,781.729183233141,8.178151220337202,1.2697588914410984,1.0,1.0,1.0,5.920342589340705,1.9300181114584183
14080,1.226413990107988,20,14.717836421334107,3.055834574358999,1.6069951760759995,1.0,1.0,1.0,44.48750701594994,2.9598406435563955
14100,0.9961122242618499,20,50.13159820224324,5.119511752640337,8.319278674432466,1.0,1.0,1.0,1.4993787890296537,1.3192128660317795
14120,1.1998594558375895,20,9.373958473208493,3.1458959500256456,1.6380417638638152,1.0,1.0,1.0,12.199640305186612,2.149656817677853
14140,1.527799323753256,20,1.8443774679275258,1.3238346180031022,1.104666321277128,1.0,1.0,1.0,1.1501650043089315,1.1206664826670305
14160,1.5378753792279525,20,7.042543926264985,1.464085276197795,1.6876840222593068,1.0,1.0,1.0,1.6171689237277789,1.340365444680193
14180,1.2989003566450914,20,9.571390210580976,2.4103348846593207,2.9134709314349005,1.0,1.0,1.0,1.0851126238449367,1.0707470293487742
14200,1.3704920330653825,20,11.56109808071447,2.4698766899170694,1.6351746240090739,1.0,1.0,1.0,41.421506423819594,1.850538117143844
14220,1.2233526764704654,20,24.0249580835855,4.065166097088233,2.978561030092344,1.0,1.0,1.0,1.564348307220884,1.2435505871907595
14240,1.3634519108889163,20,10978.311804219691,3.1437026008350584,1.3974010662543765,1.0,1.0,1.0,5.415337570470233,1.4961610660486726
14260,1.3319777558667307,20,4697.30977537762,5.556316009737443,5.758787518877578,1.0,1.0,1.0,2.7173659553683898,1.5063422105866853
14280,1.430765261468055,20,29.413265763498515,2.3715472146785204,1.1108649270565731,1.0,1.0,1.0,2.1966674521465412,1.3736809050505747
14300,1.1688833136222723,20,41.03669238917554,3.5787189446158796,6.050626346231381,1.0,1.0,1.0,3.416062305858761,1.5122165331733124
14320,1.1855629400024077,20,8.825408353382919,2.581909707767589,2.3151281802455794,1.0,1.0,1.0,1.325808426882421,1.2299406341426453
14340,1.1272509237436423,20,60.44881343755545,3.7210247461225543,6.421202217971917,1.0,1.0,1.0,2.530570463384337,1.4544573654808826
14360,1.0081198040105104,20,51.256553995376166,3.952529545524734,3.263825197705186,1.0,1.0,1.0,14.511675766449201,2.4217622782114168
14380,1.3081478508888507,20,112.44429627361441,2.4982796781304937,1.090934075628052,1.0,1.0,1.0,4.141202812602922,1.9271764510603282
14400,1.2572930934985591,20,1548.6530255874868,5.547158289915393,15.954330614796598,1.0,1.0,1.0,116.14577520510235,2.233957832790361
14420,1.4219496645267884,20,13.554656639031666,1.9114647963824218,4.070025426590717,1.0,1.0,1.0,5.692592922622242,1.77127485191164
14440,1.0010700141533293,20,135.62264453246047,6.294845670804174,6.394158570892467,1.0,1.0,1.0,10.111803770029944,1.7347385199292031
14460,1.1724636142427138,20,23.587539456374103,2.882161643380741,4.347574087520372,1.0,1.0,1.0,1.2905577509038035,1.237821041901075
14480,1.3808004003659813,20,38.11495640554006,2.0969448576805862,1.1097330477102803,1.0,1.0,1.0,2.367997968108646,1.291894003315428
14500,1.2389897668600898,20,4872.820832463972,8.175482100479115,5.392574108507726,1.0,1.0,1.0,780.5733008472309,3.820998313418209
14520,1.2449048014838158,20,6.975636452038903,2.445097652464211,2.1636324046931814,1.0,1.0,1.0,1.2593832379785557,1.2020408273595227
14540,1.241892730504048,20,38.45052369177255,2.6220687083937335,1.1507043228930083,1.0,1.0,1.0,2.2185979785824914,1.5661666579232238
14560,1.36895177691524,20,4.220371557200461,1.945835086856843,2.537469137190553,1.0,1.0,1.0,1.350808821301635,1.2390029901358588
14580,1.4929014077986453,20,1.8591595474683977,1.420100011548825,1.3565800777349808,1.0,1.0,1.0,9.77096250341892,1.5889201325082811
14600,1.0135568922218847,20,50.58583306445262,5.515414713413432,2.159937523296982,1.0,1.0,1.0,113.79720197626943,2.01253185162779
14620,1.3934700851398178,20,5.679810450221843,2.035753182124658,1.5344377429051113,1.0,1.0,1.0,2.836951221636147,1.497183882695216
14640,1.210368521051656,20,84.7952826067112,4.20746222439296,1.9492532843362065,1.0,1.0,1.0,4.294337342628227,1.6561745691217484
14660,1.1006048765776884,20,33.09903565859138,5.368023438300191,6.950847809999802,1.0,1.0,1.0,2.4040464878468795,1.4410549689404515
14680,1.1202292644228045,20,30.35465075652209,3.710605210098972,3.1775973738283207,1.0,1.0,1.0,2.5429605067927548,1.6525117988894746
14700,1.4845502344821357,20,13.134257065451797,1.5921507038120646,1.1576206919965644,1.0,1.0,1.0,1.5522095298268732,1.2562402281882268
14720,1.4034197997768083,20,4.689527539932565,1.786946891833753,8.687446828973558,1.0,1.0,1.0,40.1631379604892,2.0484167234489945
14740,1.3744081142068998,20,146.72645389144301,2.938943336082493,1.3300103530023146,1.0,1.0,1.0,751.5956560140079,2.365455004710642
14760,1.2603073142442196,20,4.055435905358957,2.137063015013082,1.1858460409623397,1.0,1.0,1.0,2.5862667145702347,1.5191677049063714
14780,1.1683179410282414,20,50.93428369582403,5.914553284681349,1.2299214912612249,1.0,1.0,1.0,3.213862450493123,1.4797568898273732
14800,1.3083670851838585,20,48.82773599902001,3.249911147900916,2.43059507204929,1.0,1.0,1.0,6.84819811067769,2.5021715269030125
14820,1.363950648442334,20,3.2439447919485245,1.9467484379752333,1.6369708080099763,1.0,1.0,1.0,2.8747970511472833,1.7770904808856087
14840,1.2898423862884725,20,30.590224133288263,2.7750336249120147,3.2743816766394875,1.0,1.0,1.0,3.156806014042032,1.5568058543683865
14860,1.044098516657533,20,92.15054089067367,4.96090057315925,2.994045732733298,1.0,1.0,1.0,42.21394618455284,2.137082185698949
14880,1.5054839072312516,20,1.5416117894755732,1.3168037810167355,1.043368624687439,1.0,1.0,1.0,34.96516542262248,2.51802777351955
14900,1.4343695342083476,20,35.220947328687956,2.328339592697955,1.3533440636692662,1.0,1.0,1.0,10.803507997314247,1.8113595977235368
14920,1.3002082291480703,20,118.76192802035658,3.0748557216157004,1.963109265941478,1.0,1.0,1.0,2.1037978118440797,1.265101355119755
14940,1.2166353755077892,20,10.570319701345518,3.079959170966178,3.1719219763102044,1.0,1.0,1.0,1.8508874140904428,1.4715572346733532
14960,1.1544608257900348,20,30.89160463638716,3.0714328947733933,1.3716654730689235,1.0,1.0,1.0,4.5163230231893685,1.7306459131676222
14980,1.4739098984461994,20,5.8170399721109245,1.6826708405422077,1.1645845917785769,1.0,1.0,1.0,9.672033448631769,1.4940339013677442
15000,1.4838555270228044,20,6.774074444572612,1.6818251687674857,1.0675923733318777,1.0,1.0,1.0,1.8775434080757876,1.315447709339126
15020,1.2792488994977096,20,188.27043414573475,3.327713892834273,1.9645882342549765,1.0,1.0,1.0,10.055965095791736,1.5897957962996943
15040,1.3528471335035737,20,2.891929640910611,1.5808790604493348,1.0752736450179954,1.0,1.0,1.0,2.984033109346712,1.4937945669219257
15060,1.3693187875259905,20,34.37483558826303,2.195090019509664,1.7539090003885465,1.0,1.0,1.0,1.346912273286645,1.158502297068817
15080,1.223041703669017,20,28.743218970462106,2.8155005971692026,2.0154518228076768,1.0,1.0,1.0,5.180970818453552,1.99818269929737
15100,1.2988656455520096,20,17.957634595584995,2.6196945279203647,2.0566905882300244,1.0,1.0,1.0,1.3427506545487948,1.2311498550421114
15120,1.1679100521990091,20,529.2991365991295,4.551009931049036,1.573371062322298,1.0,1.0,1.0,7.563144449333512,2.1650795301474908
15140,1.1797949421179343,20,22.801498446949466,3.987104487023872,6.208621969633456,1.0,1.0,1.0,9.890315901823746,2.1796565815121682
15160,1.3689691220787397,20,11.256598570439243,1.9608800007533316,1.3736978658392507,1.0,1.0,1.0,39.14168814434039,1.7185491011450997
15180,1.3857680012494487,20,8.455056694635044,2.0157043704724424,1.7360202746844373,1.0,1.0,1.0,4.686064038294572,1.70586633493724
15200,1.2307402325312438,20,798.7160883283494,4.844170621720549,1.968939990346627,1.0,1.0,1.0,789.3801050244593,2.931446774971405
15220,1.1276653185075696,20,353.8347817702195,7.09957129692702,1.7390711667037444,1.0,1.0,1.0,10.08035491525469,2.024657103226666
15240,1.4094899473765952,20,3.9145010661164137,1.6933397092329026,1.6616031970204221,1.0,1.0,1.0,13.598726698816265,2.415774607386258
15260,1.1808935873005992,20,307.33930637157596,3.52833487785323,1.249288013482324,1.0,1.0,1.0,3.9143755247690764,1.8590243391081303
15280,1.4013706805602975,20,57.65015576776657,2.445487787296945,1.166286228727517,1.0,1.0,1.0,3.102843806977682,1.5462321669720844
15300,1.3458440919020238,20,262.20082399712214,3.4681931960259114,1.2695050544216064,1.0,1.0,1.0,1.4100563860250956,1.3135814470229579
15320,1.0808439494046065,20,27.190304499963595,4.9798596177110435,2.1554612246266514,1.0,1.0,1.0,3.835458745066016,1.6984601193342694
15340,1.2382951584589255,20,72.99933928947681,3.9098868636895148,4.276011933379572,1.0,1.0,1.0,44.24358278312559,2.394241991756323
15360,0.9599409011030173,20,330.26023544851876,7.394830180788466,2.942113427442283,1.0,1.0,1.0,1.4744615292226284,1.28497610174975
15380,1.3973776689816706,20,2.033739296766233,1.506621653053247,2.0361228916891188,1.0,1.0,1.0,9.710738365740804,1.525203379106897
15400,1.0697118476309304,20,9.543809435927976,3.6594094116229394,1.2247116451691196,1.0,1.0,1.0,7.384733412216759,2.413675717358392
15420,1.2226429562298757,20,1035.600883728969,4.820551069860083,1.9986466030190855,1.0,1.0,1.0,9.135415568845326,1.7617784885081826
15440,1.5097435458493034,20,10.873745134279151,1.6472114717979218,1.2843145209885023,1.0,1.0,1.0,1.1638055701638925,1.1225273946549588
15460,1.289222330657009,20,58.86518587534313,3.811274243055306,3.439965394774745,1.0,1.0,1.0,1.1834104110752477,1.1470007130039503
15480,1.210798433550104,20,317.76196639752396,5.2129646257934095,1.533903529609864,1.0,1.0,1.0,13.085690979496007,2.4854894211866556
15500,1.1428529610074012,20,17.159903114252927,3.942959385619166,3.3230157267064704,1.0,1.0,1.0,2.23232111474554,1.5401041000292504
15520,1.28838480167608,20,1826.6065707982707,5.919600411111277,1.7353644769884917,1.0,1.0,1.0,7.969134482115457,1.8794773336127615
15540,1.2340295163313257,20,361.988842536679,4.374180816421668,2.741234062310365,1.0,1.0,1.0,5.506862239444376,1.5446720569268035
15560,1.3489414936764048,20,8.154187881778514,2.098057744301335,6.559651562882366,1.0,1.0,1.0,5.446567894679614,1.496815786280119
15580,1.1104004797813958,20,58.184135665780765,4.8895396013072165,2.0989212449270345,1.0,1.0,1.0,1.3414421883492396,1.2459069651155412
15600,1.429300857334064,20,256.45608138154853,2.3349275072840054,2.1124618958009913,1.0,1.0,1.0,2.1320200031112497,1.322555850022747
15620,1.2786181183393777,20,880.2918964501259,4.919977982387524,1.296429792550063,1.0,1.0,1.0,1.7606309899326178,1.3555220280731295
15640,1.1716719293296394,20,273.0417639991301,4.881294494519801,1.2089734540408654,1.0,1.0,1.0,1.5374716120076133,1.3685676073143305
15660,1.172626801276017,20,43.06142036118452,3.3760417905766786,1.0314886478700158,1.0,1.0,1.0,3.132435754951494,1.6419753330678826
15680,1.175807946050736,20,25.576731953571063,4.642514416572255,3.411372557622821,1.0,1.0,1.0,1.334804157686292,1.2588199676892375
15700,1.3876699525673741,20,14.52149418737498,2.564777152239729,1.1688453788318234,1.0,1.0,1.0,2.279870371644374,1.2160473079490843
15720,1.4298514218773044,20,1.8744403203400695,1.5564847849777759,1.0734345452496,1.0,1.0,1.0,1.8178604508268463,1.5714348525903747
15740,1.1649836590494844,20,13.096230431805065,3.306977281351518,2.782907982559588,1.0,1.0,1.0,1.4688701564916633,1.3113018167124146
15760,1.3278485229622796,20,37.7153160545907,2.752702578919683,1.5274962441565116,1.0,1.0,1.0,2.79644520807951,1.6582790894193338
15780,1.3521873964896183,20,12.73034958535915,2.336842745004712,1.2088194133138708,1.0,1.0,1.0,3.758087569445808,1.4113187921818398
15800,1.277338796307131,20,46.831390883044364,2.782751643963101,2.9226082160345324,1.0,1.0,1.0,1.2972009664424649,1.2119667428108942
15820,1.4367940460412847,20,3.345641925370868,1.7988991438023236,1.577265017008262,1.0,1.0,1.0,26.86530880034298,1.8431708423528803
15840,1.3837151916666683,20,1926.5252042126726,2.54482421868894,1.584705144713093,1.0,1.0,1.0,26.836678026394065,1.9256489545441726
15860,1.285724895592779,20,329.95151433082964,3.4343870107828027,1.0819269002896708,1.0,1.0,1.0,755.3340519123917,2.685951564024354
15880,1.4430124696796214,20,12.927456303786746,2.0894073967116347,1.259066862270272,1.0,1.0,1.0,2.8101345820072714,1.5927008416103274
15900,1.2688037839167157,20,9.289198388097185,2.296518154910214,2.647285551063129,1.0,1.0,1.0,2.0851677176375016,1.3728409138197262
15920,1.1372376071913712,20,52.900675235556186,4.17300494204531,1.1346930267763489,1.0,1.0,1.0,3.0769718349271087,1.5868525408177019
15940,1.3250328817084376,20,22.195026097395257,2.8272177473165114,1.971989416277666,1.0,1.0,1.0,4.363803468278573,1.5749971212732232
15960,1.084230865010314,20,228.1209990180267,8.4533805177815,1.6073275182633586,1.0,1.0,1.0,3.9774317714560454,1.4840799520309802
15980,1.5177439830482184,20,2.5868963825434004,1.4467787180819367,1.4902026753913757,1.0,1.0,1.0,2.4794586761622637,1.5160579096861366
16000,1.403614229739731,20,3.3442336152166483,1.9001906447411077,2.254067812171242,1.0,1.0,1.0,1.2959760340570088,1.2133771735815317
16020,1.4466191804544004,20,22.03576243812233,2.0819124868661976,1.332850365943192,1.0,1.0,1.0,1.4096746206279698,1.2896958672130814
16040,1.4482518419469566,20,6.174661320096652,1.8464774773103851,2.163584788540408,1.0,1.0,1.0,1.9714921547930504,1.5073810386690476
16060,1.269050937465323,20,187.06666570604915,5.0442381257602396,2.2279507597334436,1.0,1.0,1.0,1.3379840021102805,1.1511231534080661
16080,1.3548269797002745,20,115.97010547497182,3.072922367218794,1.0810218160702862,1.0,1.0,1.0,27.735901735957015,2.8192948384436987
16100,1.0773046554528187,20,39.15318444998122,5.661580493430001,2.5500595165447306,1.0,1.0,1.0,2.8759021988297437,1.639868921932825
16120,1.4217229707071817,20,24.517390033633383,2.226757068204927,1.6960967040631185,1.0,1.0,1.0,3.1435011712063714,1.8482845890408768
16140,1.3526422794333992,20,7.932018534164007,2.1863660268850698,1.1685976477318063,1.0,1.0,1.0,3.69418567423804,1.5958616894845474
16160,1.0967261153035024,20,87.48824409201606,5.151332530550681,1.2711185277747756,1.0,1.0,1.0,1.5608911473423455,1.4187254105565692
16180,1.0974665580612222,20,5725.028885306933,20.01441166333741,3.9701558114514515,1.0,1.0,1.0,3.919517097088749,1.5473441573269373
16200,1.3214124202056925,20,28.78490906550774,3.507123430947505,1.953565226380256,1.0,1.0,1.0,1.373841619243548,1.2511426502930738
16220,1.3360501996053615,20,18.147191526767408,2.4911043273879416,1.1326700124557354,1.0,1.0,1.0,1.0909469495687372,1.075734342505642
16240,1.5708747889027237,20,38.06508991900611,1.5586125436206757,1.0742668912370652,1.0,1.0,1.0,1.4075287446309288,1.2894735956714294
16260,1.3643541208341619,20,3.390585689183209,1.8053557648379293,1.4957509910695634,1.0,1.0,1.0,1.4924388753511755,1.3317657926234454
16280,1.3049161068962838,20,28.672228492728646,3.186029723969183,12.040805404279327,1.0,1.0,1.0,1.9114772000239395,1.3848630204421757
16300,1.1798733299055209,20,1942.2971479310174,4.720308612769749,2.490984781076424,1.0,1.0,1.0,1.5826232347656677,1.3383631764871644
16320,1.5165191938504794,20,2.491252121912802,1.3962753471797542,1.0512098302014758,1.0,1.0,1.0,1.215067285540291,1.128217085403732
16340,1.3499417632043873,20,8.70334743390837,2.034085619556286,1.7553239070612838,1.0,1.0,1.0,2.5436767305707955,1.5860535061769767
16360,1.3567691571648943,20,11.614757252808356,2.209980389526706,1.6871075953379449,1.0,1.0,1.0,113.67606030393827,1.8900964756619085
16380,1.298274270573467,20,117.89412782799738,2.989683131846049,6.468304296765523,1.0,1.0,1.0,6.943350510024713,2.018041937772325
16400,1.3076499964592079,20,21.950919869504542,2.3910655646562056,2.882241051091315,1.0,1.0,1.0,2.383159769384425,1.6093442671060139
16420,1.4002332359485006,20,60.0179928612738,2.521653594184796,2.136178327839889,1.0,1.0,1.0,1.1412066904549187,1.0984506227387694
16440,1.3200866807033542,20,18.5838204276908,2.51296172398132,3.2750571126501575,1.0,1.0,1.0,41.00351810553185,2.212726335003288
16460,1.223281603440665,20,161.67588492214134,4.4765710677036425,2.4753191130872185,1.0,1.0,1.0,39.677768963135506,1.9990262835132546
16480,1.3653135869302846,20,16.49651549706273,2.5510589620974824,1.3276577296384768,1.0,1.0,1.0,8.482695862519254,2.134232959724419
16500,1.4040950638091465,20,5.271011273847163,1.8353475402507522,3.4327333747808595,1.0,1.0,1.0,64.23284198169685,2.4374286693379656
16520,1.5079994981660394,20,29.78053109321209,1.7712232822462723,1.356660656080776,1.0,1.0,1.0,752.1986019575257,2.2009846194098093
16540,1.2799579985845113,20,7.861605406129506,2.5903352699355255,1.3671407344171593,1.0,1.0,1.0,1.1590855945691187,1.1094925838824825
16560,1.291794587093807,20,21327.097533186585,3.9974738722648273,2.5560103245483563,1.0,1.0,1.0,1.2955068201645101,1.2325491857282969
16580,1.4022414987502407,20,4.036991006968064,1.7985059496458404,3.6861994186190095,1.0,1.0,1.0,1.7301582895926029,1.1926743488528622
16600,1.2868207420950308,20,67.07826926109941,2.7148270281574667,1.5315374319963513,1.0,1.0,1.0,8.697746106624065,1.404716655114678
16620,1.3165200300374578,20,357.1964812754581,3.5302259046908397,1.8406658052148006,1.0,1.0,1.0,2.3437813572412787,1.5874903963346076
16640,1.3275261236087317,20,11.368656457469985,2.1726192643590245,1.3851278072793523,1.0,1.0,1.0,5.2725132559047765,1.5538545657130602
16660,1.415460024878192,20,2.658779604441093,1.650990592515223,1.4308419955765852,1.0,1.0,1.0,5.3360138991359705,1.6751639326044387
16680,1.2732930513249738,20,3.1318523003545797,2.0473310634504953,1.876075802872268,1.0,1.0,1.0,10.357730362105254,1.6875612410795304
16700,1.4653715386130801,20,214.8867535368166,3.20324532424788,1.3902329346205369,1.0,1.0,1.0,12.657070394729294,2.0597030949375283
16720,1.1798699706118367,20,112.8570288109546,3.4213124580102394,2.091170199005558,1.0,1.0,1.0,2.9404836508901693,1.6059260793425147
16740,1.3436669725105654,20,121.27108788071857,2.7557766804430823,1.2057899625582025,1.0,1.0,1.0,113.2185586264679,1.5418955035273891
16760,1.2712186390193743,20,89.37418845525029,3.705797007782569,2.109033323747661,1.0,1.0,1.0,1.62210186326813,1.4177329064952262
16780,1.2537615160531437,20,7.543180514725836,2.7252688426988168,1.801942398072526,1.0,1.0,1.0,6.495630804163705,2.1625416118600818
16800,1.35547160936819,20,11.996827730564965,2.283871322247406,2.0308796005184893,1.0,1.0,1.0,26.15170657115354,1.4728985155723842
16820,1.382245590163262,20,3128.401732331928,2.7168348582707664,2.5482285395285262,1.0,1.0,1.0,1.2874303468853108,1.237725484059586
16840,1.2186678995290179,20,1025.962950576573,4.924441355766373,1.9348556330814746,1.0,1.0,1.0,2.145046560119019,1.629765577914157
16860,1.4956770513988475,20,16.8689106877048,1.8591732466889932,1.4720455525648592,1.0,1.0,1.0,10.016763918606063,1.7388310355658354
16880,1.3765696064656117,20,13.82137122171992,2.049231912569674,1.0421374967239327,1.0,1.0,1.0,1.6636334241090698,1.4098074541438887
16900,1.3371260866735972,20,44.72490189454054,2.7889256033257785,1.0686676196796534,1.0,1.0,1.0,6.699011836967811,2.0728825197145397
16920,1.2516917393064295,20,30.457519894807962,2.806727535150517,1.520872203995693,1.0,1.0,1.0,1.3752823430227805,1.239255905225285
16940,1.457779548495999,20,89.76752255334101,2.7587145552634302,1.1204671580647396,1.0,1.0,1.0,8.151200807620594,1.9716140245609672
16960,1.3029500447719267,20,283.97986387328876,3.739996655048022,1.4328547364087976,1.0,1.0,1.0,10.763865889585137,1.8210537526473323
16980,1.3606322886991102,20,2.7161036760255985,1.71266609698596,2.757861828399665,1.0,1.0,1.0,2.3305957267670006,1.649485720855777
17000,1.0717869936309037,20,3003.4555491715923,10.949369047327389,2.4548706387362405,1.0,1.0,1.0,2.6151607086510866,1.3858603307875716
17020,1.4751907751096962,20,8.765433210762529,1.8864166753841016,1.048353772997343,1.0,1.0,1.0,1.7470732334329024,1.5026091053787962
17040,1.3768108411989188,20,459.8646606971952,2.7477284615560986,2.6705065658126674,1.0,1.0,1.0,6.7417974472810815,1.7246074019594106
17060,1.4616011826175437,20,1.6504734388444817,1.4331757954947826,1.875617255194856,1.0,1.0,1.0,5.027540932195857,1.873469917258821
17080,1.3932624270332357,20,8.003952300675754,2.2013033964476802,1.6766041833157654,1.0,1.0,1.0,2.0508733549973632,1.341804189072451
17100,1.514396999885173,20,110.2249908185263,1.7907383332170148,1.0951424568088466,1.0,1.0,1.0,1.1610166715667396,1.1272568836339814
17120,1.162876306202396,20,24.890818409102074,3.3946411131600223,1.7711077745310753,1.0,1.0,1.0,2.7408229638205683,1.7382965523403386
17140,1.2860805790870378,20,444.83345704102214,4.444487280844387,1.2981972455042783,1.0,1.0,1.0,2.279707913915756,1.4133969594405287
17160,1.5087117886663342,20,37.59303218045777,2.026322025011668,1.5957545396565778,1.0,1.0,1.0,2.716614252187502,1.5759236866535453
17180,1.3964278790460125,20,76.9288596424604,2.4727116631710997,1.2497586262434932,1.0,1.0,1.0,4.848871924031888,1.6538025980607876
17200,1.3224121111573108,20,73.66143100194192,3.76358119854649,1.7508850377380787,1.0,1.0,1.0,1.7899407680136814,1.4273678619025854
17220,1.2519617065486122,20,8.878506605042682,2.5960639224590176,1.4511412892579603,1.0,1.0,1.0,9.068343267115434,1.5516862573389434
17240,1.5918419061160052,20,3.6782076149853182,1.3300259947758852,1.2614395262789646,1.0,1.0,1.0,780.1590724858601,4.303193664266965
17260,1.3850598272190262,20,201.39934397248064,3.175809236621285,2.280376415654399,1.0,1.0,1.0,2.466947266431551,1.7082531780931176
17280,1.5169763221511123,20,2.7753233374717565,1.4758870496784178,1.930566676568497,1.0,1.0,1.0,6.901274629062955,2.035806192218509
17300,1.2465002026148553,20,79.01505878442941,3.714069208350944,2.419586874952904,1.0,1.0,1.0,1.8508763567789326,1.3981924491592208
17320,1.2836707816465711,20,10.915934590393409,2.2317595205255,1.5940407949994069,1.0,1.0,1.0,6.129430267571545,2.5240119114945427
17340,1.2830425819215332,20,183.5903395826844,5.082150221386648,2.7548919402745327,1.0,1.0,1.0,4.014426010324656,1.5335511511067932
17360,1.345748250514371,20,246.07314652292266,3.0041295243152946,1.094301468129724,1.0,1.0,1.0,11.43130098606821,2.6359043497376162
17380,1.5376669163947227,20,28.840012539020705,1.7213980690180934,1.0579338445618498,1.0,1.0,1.0,3.672692342749163,1.7504107465484862
17400,1.3630108410119983,20,140.33090426585375,2.7085991997866707,2.8199806256024957,1.0,1.0,1.0,38.91288862869754,1.5668457855196793
17420,1.332202300769263,20,10.835289128279555,2.477021614581168,2.24983721383056,1.0,1.0,1.0,3.8688966776698237,1.5116619710690093
17440,1.229408686553164,20,7.069251450866372,2.730887727340478,1.9711110362874993,1.0,1.0,1.0,2.431657672075258,1.4551277634390611
17460,1.150031368177927,20,34.203144472818245,4.703609836878059,1.155525506616572,1.0,1.0,1.0,21.26711422426655,2.9495496427522365
17480,1.468186402978486,20,11.68802043638469,1.9883174360524267,1.1102313679292928,1.0,1.0,1.0,4.219624888297469,1.8086660810778281
17500,1.3661574830045764,20,10.72402193167707,2.1552219770169128,1.4824772896337126,1.0,1.0,1.0,3.5238886881110254,1.4676936047881288
17520,1.3360438117323654,20,264.86028712390936,2.848001082837852,1.1700853203777881,1.0,1.0,1.0,1.605775718836501,1.344492893764242
17540,1.3762747417835735,20,19.737725782728724,2.4812876336616747,1.7221585628476235,1.0,1.0,1.0,1.747311514679786,1.3911626375471433
17560,1.331461450644306,20,7.154009646698033,2.518073379135152,1.1100010397659799,1.0,1.0,1.0,2.0289298395776285,1.2458674603394382
17580,1.1414518162832283,20,1318.2261208868165,10.560389349365023,5.223204766693234,1.0,1.0,1.0,762.055835792173,2.944224818943448
17600,1.131171963943106,20,216.05267777063986,3.878246975876864,1.0290500336597381,1.0,1.0,1.0,1.8412897416390617,1.5268410102366592
17620,1.220874177678647,20,11.641670939043427,3.0515425450747786,2.063186646734794,1.0,1.0,1.0,5.862238721391729,2.2174227784935066
17640,1.2174545850877188,20,412.536697130998,5.2851571735037,1.6025883280058602,1.0,1.0,1.0,3.8613137826803965,1.8241464025268905
17660,1.257533374902445,20,159.72754267242823,3.4871507131346764,2.454499209222221,1.0,1.0,1.0,43.50983964990294,2.1657231778528634
17680,1.4629444298039567,20,2.484981222315377,1.5979495054343857,2.6346128964296427,1.0,1.0,1.0,1.676545540742578,1.3399052528023405
17700,1.1368963140520294,20,126.08288951542359,4.495534672144204,2.024767148783586,1.0,1.0,1.0,115.91402441066234,4.475435818349773
17720,1.368033897599853,20,61.22555298893879,2.9325578708303253,1.475431992332807,1.0,1.0,1.0,67.74881708569345,3.2084431032180714
17740,1.2652093854931623,20,1024.6703754254636,4.391017800952912,4.567673814653259,1.0,1.0,1.0,4.232948611560765,1.5632788916847926
17760,1.2535244844341265,20,2133.66811008921,5.462246809278602,1.4715520501868173,1.0,1.0,1.0,1.1344491916791293,1.115880156596441
17780,1.5167480373437963,20,1.7488874972799224,1.3599877435290584,1.6510694893149678,1.0,1.0,1.0,39.17823795162644,1.710876863855503
17800,1.2258367444972926,20,459.4111792015807,3.100474889281592,1.7257356799217396,1.0,1.0,1.0,7.8233189806111865,2.464506340073312
17820,1.1880970291617619,20,37.095087219256456,2.9993154297436404,1.6734020200132977,1.0,1.0,1.0,1.6633735088916115,1.309147576831093
17840,1.2723278325301388,20,26.34626067916478,2.9091596941522777,3.014978363273481,1.0,1.0,1.0,4.970488957550242,1.757340394080303
17860,1.306357106884094,20,10.302009634249227,2.493624232937697,1.708945171882591,1.0,1.0,1.0,29.6770246958285,2.0957459182617613
17880,1.4938629059705273,20,4.296702287980522,1.6664741300582675,1.4510896802681812,1.0,1.0,1.0,2.1821326245675166,1.2681602708183843
17900,1.2254339138274155,20,44.099320069509545,3.160882583907394,2.037914354677822,1.0,1.0,1.0,1.3123901883725864,1.192999021399405
17920,1.5073304121523186,20,10.512016992213464,1.5078568853193466,1.0628966167141596,1.0,1.0,1.0,4.7273192847251915,2.141070313377286
17940,1.408220054036006,20,2.7697551261010407,1.7565349439089497,1.077384678529813,1.0,1.0,1.0,2.2209563438394624,1.4044231656986488
17960,1.348158415250459,20,140.45273950415518,2.9583932274568285,1.1552472134716492,1.0,1.0,1.0,2.9972112787141443,1.59484638316948
17980,1.3711146262523302,20,8.149716820174856,2.087383804597833,1.2475335566802865,1.0,1.0,1.0,1.2405917942983524,1.19468409030378
18000,1.286432165389372,20,4.038294891087299,1.9453958526337047,1.1637708359745922,1.0,1.0,1.0,1.5961194150421574,1.419479908091119
18020,1.28446194745244,20,497.4475240976997,3.96697799695196,3.5034958864256045,1.0,1.0,1.0,44.187878882643716,2.6672415472043247
18040,1.4288463807815834,20,418.3156377779475,2.154109525160823,1.2113823159975357,1.0,1.0,1.0,36.30484624540988,2.464402986960617
18060,1.34623850549709,20,5.101995968908637,1.930200460218817,4.410690405576965,1.0,1.0,1.0,4.8171410882348065,1.7184076993753437
18080,1.3974549961400078,20,20.33437604778191,2.129218079435893,1.108305251813902,1.0,1.0,1.0,2.181211110817739,1.509671582629648
18100,1.331675725335738,20,12.890816324611245,2.2743741398237924,1.206578589059508,1.0,1.0,1.0,2.4411497284327863,1.4500559863626477
18120,1.3470099696513917,20,24.68958966700845,2.3278991722849547,1.225786297017862,1.0,1.0,1.0,4.201445909772723,1.7985427916015522
18140,1.1132859305736227,20,77.03968850283817,4.9890425049175775,2.497792709134425,1.0,1.0,1.0,12.017384872220822,1.8711765471617758
18160,1.4666918865666116,20,30.390097122445685,1.903629642712079,1.5655550001851235,1.0,1.0,1.0,1.5643898123607036,1.3573158501522395
18180,1.4586198648618847,20,1024.6564919709958,3.296737049370251,1.3855130574165362,1.0,1.0,1.0,10.3670863962021,1.9154476872311972
18200,1.1791112069635659,20,9.49173450463265,3.19301790418865,1.5573585982326956,1.0,1.0,1.0,4.688877657599649,1.6505804755950815
18220,1.244663500483811,20,170.9932108897332,3.660313414606898,1.6560818186880866,1.0,1.0,1.0,1.5532716724809306,1.3435701996992986
18240,1.2899608687500457,20,13.11716129234259,2.383989845392759,1.1167467713891295,1.0,1.0,1.0,9.195846110779993,1.611289479535822
18260,1.3622180958215426,20,14.044915747001184,2.6381078373558386,1.4469552185051149,1.0,1.0,1.0,2.9858166642104687,1.495443215326216
18280,1.389226673462146,20,12.069608628325437,2.223382564204821,1.8955606394384146,1.0,1.0,1.0,2.4304655303485063,1.3481656049669282
18300,1.3587394202170493,20,13.796001471986543,1.8634048429874897,1.4013349251839384,1.0,1.0,1.0,1.4872465208913708,1.3492550071149207
18320,1.4465893050644962,20,5.856987567090553,1.6324157516734754,1.0963924397502862,1.0,1.0,1.0,1.6172494866166964,1.2861244634984381
18340,1.3405490208704305,20,6.73244524203542,2.0905345620339,2.0871833765548384,1.0,1.0,1.0,1.3617883630073135,1.2011598417482705
18360,1.4354455989100292,20,3.144787441736428,1.6962487083905828,3.583862109059209,1.0,1.0,1.0,1.3685503628579854,1.2462134500647626
18380,1.3697820739159599,20,32.65673843002515,2.0443315312957795,1.0670661648462594,1.0,1.0,1.0,1.3940741938345724,1.252819854504392
18400,1.2872994542503813,20,147.52623443698215,3.04772354917282,1.5551025100019709,1.0,1.0,1.0,6.859051796150096,1.75948563700926
18420,1.315770259841058,20,50.673354541906356,2.61473246962189,1.6605457805832582,1.0,1.0,1.0,2.1239430396515075,1.4194023476234041
18440,1.2973859337684164,20,312.38033762765315,5.74936680425864,13.082099227375231,1.0,1.0,1.0,2.3244286643244747,1.4054498466886762
18460,1.4670862890980658,20,1019.0554690481802,2.728480435625714,1.4771893716414213,1.0,1.0,1.0,9.901955672883402,1.95518552223526
18480,1.319308519270975,20,300.79294111836373,3.555656797411694,3.084543364844166,1.0,1.0,1.0,1.4200782785564494,1.2879940912757386
18500,1.2789940478085082,20,113.96783424785508,4.264298658292517,1.6445411933179759,1.0,1.0,1.0,2.4178549341143962,1.4501787029663011
18520,1.3115578170220852,20,23.6907457308594,2.5565024464921686,11.825456563654914,1.0,1.0,1.0,3.381453719018544,1.3438668762257222
18540,1.397771431944477,20,38.7230657867251,3.0021972149162948,1.1280562787042965,1.0,1.0,1.0,5.631729798971729,1.5895884685299646
18560,1.164177408709674,20,187.5578366956297,4.470478761579939,2.7463432334529956,1.0,1.0,1.0,4.070503823143173,2.023015063882388
18580,1.2685409173465432,20,18.222887855544048,3.215626050028251,4.21980328701126,1.0,1.0,1.0,13.390546410006738,2.251041272896957
18600,1.4521697264607387,20,2.1406736468491685,1.601895018627554,1.5737393255841718,1.0,1.0,1.0,1.790914915544852,1.4845558408259394
18620,1.311509546121925,20,42.273916941795015,3.1230038048120083,3.458693937834666,1.0,1.0,1.0,1.1136179523275083,1.1008079235302894
18640,0.9018464819792886,20,30.506705857242572,5.522064646628645,2.9153636246431245,1.0,1.0,1.0,5.055018913642938,2.5279235101772954
18660,1.2961579449178475,20,15.651959334934304,2.9074094789833023,1.3498887829128121,1.0,1.0,1.0,9.581194823344479,1.9065031139850803
18680,1.5047322344025091,20,3.3560934656967603,1.5299564077372028,1.5954247461872773,1.0,1.0,1.0,1.469691688989775,1.2695106742390903
18700,1.260609978390971,20,352.99900847350676,3.455650716548082,1.8072745626340552,1.0,1.0,1.0,2.9114574996115623,1.5017346332456398
18720,1.310379311443112,20,20.103416789094847,2.6537426266229005,1.7705653394932492,1.0,1.0,1.0,39.06417207688894,1.7133437746752276
18740,1.3758300588547874,20,11.410082218171459,1.980290967431195,2.1770465020814114,1.0,1.0,1.0,1.5233949394359434,1.3542363818316285
18760,1.5257779029412053,20,1939.3226144770701,2.294126146139844,1.934450990815801,1.0,1.0,1.0,1.0536402650762497,1.0439646399845088
18780,1.088751812757892,20,4199.403457996668,6.391583940651676,2.9137367195413075,1.0,1.0,1.0,9.133559656395827,1.7989356042377675
18800,1.3516143005856325,20,8.782191693965713,2.4900901185072835,1.7495447155007982,1.0,1.0,1.0,2.1576940875514303,1.2534893359273913
18820,1.3832054559792641,20,49.25471171763806,2.6254288920261737,25.9425543509249,1.0,1.0,1.0,138.84403877965966,5.397816455418185
18840,1.2890431127426851,20,40.960997871765116,2.7138230751932735,1.1283990268513029,1.0,1.0,1.0,22.300593616950746,2.7799858046169406
18860,0.9635001205587148,20,289.8985278384694,11.39032623210889,8.054532129469107,1.0,1.0,1.0,115.62097808974082,2.336830116361963
18880,1.365252229341585,20,116.31069620232566,2.804178492563932,1.366776958315425,1.0,1.0,1.0,1.358455815550074,1.2891506908345731
18900,1.4205456623350181,20,534.0467538113337,2.611975882564198,13.722480234597382,1.0,1.0,1.0,1.0319031134316192,1.0301322169545475
18920,1.3581214817668792,20,51.88113292495238,2.387824346153751,1.3482533738111897,1.0,1.0,1.0,1.8950212881297694,1.4560338265355128
18940,1.375680326708412,20,47.524764634755776,2.1635699619154094,1.6338682674311797,1.0,1.0,1.0,114.24970856788502,2.0395833771486114
18960,1.3625590891580504,20,2.9298718842033673,1.841420693219368,3.4673247432122873,1.0,1.0,1.0,6.158896772843935,1.735505232788638
18980,1.3935751183011962,20,4.458920573643114,1.8070307440544933,1.4051793204816447,1.0,1.0,1.0,2.6222687077297544,2.0234739372429957
19000,1.2934702822162871,20,51.08273162247384,3.1741655721161894,7.700961666810619,1.0,1.0,1.0,10.780527346940902,2.3977099735360587
19020,1.4990487424112944,20,1.801985382077428,1.4072832801810746,1.3541374685444307,1.0,1.0,1.0,1.3238585079550966,1.2322552338681723
19040,1.3699646868751172,20,14.064180690896787,2.4433829460690375,1.2893331876531677,1.0,1.0,1.0,751.1327295524202,1.9169910370001748
19060,1.4400368060327464,20,7.365169462691407,1.7116963093669908,6.320726185350011,1.0,1.0,1.0,4.336716760881535,1.396089295552861
19080,1.2181393647528116,20,56.62512266007644,2.709074944355751,1.3736785971474308,1.0,1.0,1.0,2.612915041254783,1.3405765209830411
19100,1.4146351317966168,20,226.75926881449203,2.1924454009815455,1.8081092961494805,1.0,1.0,1.0,9.997535275024205,2.034185057655383
19120,1.3463446079177397,20,18.942701990874546,2.7489414339808995,1.7132845297494648,1.0,1.0,1.0,26.93598193780076,1.7734009011837457
19140,1.1950550238394264,20,456.33174540201054,3.6604883724178308,1.8546043860286299,1.0,1.0,1.0,1.8528828855477442,1.4277844286712313
19160,1.316925350585302,20,4.278199496520409,2.1022927405065657,2.8028895796496727,1.0,1.0,1.0,3.484013751536986,1.5271951684510332
19180,1.1905564374640827,20,27.88621320901175,4.217798438693724,1.283936163564608,1.0,1.0,1.0,4.54867033783948,1.511412351092197
19200,1.4420953307425808,20,42.88379648878958,2.407440914088047,1.5046265575936366,1.0,1.0,1.0,1.4670622705642409,1.1682327542101931
19220,1.2390392215634596,20,16.774175521199677,3.337805947874117,2.83529763499762,1.0,1.0,1.0,5.540666515656012,2.0848291974166564
19240,1.387301903234808,20,44.19603772679876,2.2491072125055243,1.0157068999140348,1.0,1.0,1.0,39.189264528796926,1.7501515939122485
19260,1.270837496702189,20,60.44555703398921,3.6455665894071823,2.71279247570349,1.0,1.0,1.0,1.295064001745907,1.2230454518990803
19280,1.3469614887926924,20,50.50600508881323,2.5608077454327556,2.007491695834332,1.0,1.0,1.0,26.77045589666875,1.7718346532938265
19300,1.217783632304185,20,9.995616056558715,2.8908738053030927,2.5415979337258725,1.0,1.0,1.0,6.105721077676513,1.896159111852303
19320,1.5071472062453914,20,24.052095649425375,1.6934243106267224,1.374979191103006,1.0,1.0,1.0,1.6117084414141918,1.332342085245811
19340,1.3587048191201914,20,3.3703151076497226,1.8833756943587128,1.1345883349851045,1.0,1.0,1.0,3.1942895166743543,1.607616250861674
19360,1.3720444142899288,20,14.138319537333677,2.002165306348446,1.1950972270293392,1.0,1.0,1.0,4.4090507037507916,1.6010055032181203
19380,1.497399940884923,20,17.77942969218909,1.737847629901241,1.1627297137531027,1.0,1.0,1.0,1.1610857470326599,1.1324279715723686
19400,1.3737240460819837,20,3.35774064015177,1.8398481467735874,1.066968629441497,1.0,1.0,1.0,3.464373575288364,1.808438054875196
19420,1.3449503870768174,20,4.81552058125457,1.8466051807714476,1.0699531063795362,1.0,1.0,1.0,3.3213873273667547,1.8789633593682018
19440,1.4138499110161227,20,1014.0638887411584,2.50394391864172,1.2036823380964734,1.0,1.0,1.0,4.502533434197805,1.5242885067351637
19460,1.3611963921922559,20,4.496173982215458,1.8367634447122723,1.5568150349115342,1.0,1.0,1.0,1.2467836001592052,1.1841786241479302
19480,1.523864955204254,20,3.642349587066667,1.4405040365131383,2.1402283092204564,1.0,1.0,1.0,3.864308094398067,1.5406655693196485
19500,1.213703262755676,20,286.84514055306647,4.898064727177543,1.100750764277634,1.0,1.0,1.0,5.1143562467650145,1.8291670987336823
19520,1.2654479419799503,20,244.48961257312575,2.915156318562943,2.5370306834137177,1.0,1.0,1.0,19.042407107587895,2.3444481000418618
19540,1.3479357869408701,20,10.577810431816683,2.7944549856692737,1.3191327243499953,1.0,1.0,1.0,5.8728064342761375,1.8670667502082208
19560,1.4695516987149877,20,2.092074830862337,1.550029248860283,1.18946303513561,1.0,1.0,1.0,40.11308281301933,2.3788723859396215
19580,1.505283402823187,20,113.5109790598231,1.8445953975145633,1.137962361995857,1.0,1.0,1.0,113.70383273042765,1.9550228937592222
19600,1.4532896149174246,20,110.19213252678887,1.9931090092735455,1.263449554622874,1.0,1.0,1.0,8.716181789332266,2.276708283545132
19620,1.342046701532487,20,119.04208255663727,2.646834949166313,1.7775605666719092,1.0,1.0,1.0,1.4059714696229701,1.2508394485303942
19640,1.2372541105891277,20,9.09779646025031,2.816963973509117,1.1127852027468743,1.0,1.0,1.0,3.706403509651151,1.7407420261322295
19660,1.4914141389223476,20,6.189330262742591,1.604747430523142,1.2253921974483217,1.0,1.0,1.0,1.7696851568573009,1.3250694874157614
19680,1.3052943221663094,20,5.564417642716398,2.1963509250620965,2.086642030900045,1.0,1.0,1.0,7.95677877636993,2.096531234758751
19700,1.3869590606057929,20,10.052722218998225,1.8674647126148478,1.4815705219729887,1.0,1.0,1.0,1.0621912953847608,1.0563734479606837
19720,1.2200482912672441,20,9.32612571848149,3.2224649381389994,2.1803123382090037,1.0,1.0,1.0,11.107323326001612,1.699821442257174
19740,1.3878659654545702,20,141.2115305499008,2.5006051709907693,1.2651807200533922,1.0,1.0,1.0,1.1139065636964567,1.10047339068713
19760,1.4792578435457768,20,12.012614121497112,1.7423073447386166,2.1225532877708275,1.0,1.0,1.0,5.47881468992937,1.5168042122459378
19780,1.5737965323252474,20,2.2523520957529524,1.30100607519086,1.0688280111296076,1.0,1.0,1.0,4.396572300968627,1.4212307778492876
19800,1.1942403001241935,20,26.026056800646593,3.689713842679327,2.8867614589791453,1.0,1.0,1.0,1.2352702896481127,1.1733378553782268
19820,1.1935432699147788,20,1269.047923284476,5.607839763328378,1.47350129253266,1.0,1.0,1.0,22.284205966785375,2.792142505452912
19840,1.2826914201163953,20,64.36504784190537,2.7350330520454724,1.2393880210467394,1.0,1.0,1.0,3.3353549457349603,1.8076778850250097
19860,1.1721071262284966,20,29.10605206651373,3.6588909789498465,4.289307102826761,1.0,1.0,1.0,1.3004536749578186,1.1664873399848985
19880,1.4077126860811344,20,3.0036037625380407,1.7554193066901318,1.7069700511477317,1.0,1.0,1.0,1.3130158235720097,1.2175229795232492
19900,1.5094153545555222,20,3.342044105237721,1.4416458700331987,1.8122392879623181,1.0,1.0,1.0,1.5689210013027384,1.3229613589693905
19920,1.1683149064961014,20,69.592848458101,4.872929480905762,2.022213289910583,1.0,1.0,1.0,4.623534360815986,2.089854820092829
19940,1.1551990912298478,20,16.799869781676325,3.987900655098574,1.4808776407323985,1.0,1.0,1.0,13.06781469621043,3.1934038440682904
19960,1.2815966316409995,20,36.0224676425663,2.909640766273494,1.4146614751240771,1.0,1.0,1.0,1.1725624566737125,1.1272008252482482
19980,1.4661064482451915,20,4.042289136499766,1.6589071011619703,1.452400812998828,1.0,1.0,1.0,1.209234786376484,1.160373490972096
